3,200
81,294
19,44
41,181
44,63
59,617
78,503
17,459
10,979
88,630
82,615
41,368
95,775
30,195
23,343
9,833
22,673
57,977
56,701
35,330
23,608
39,562
34,133
48,693
16,859
92,820
82,439
41,487
38,982
7,231
3,224
43,709
37,128
23,342
36,20
41,100
77,664
67,156
68,674
60,743
53,192
19,363
54,903
8,330
66,617
18,791
84,689
17,924
55,22
27,877
57,784
68,385
79,581
72,313
82,525
58,629
92,929
46,559
5,997
24,518
41,508
75,49
36,473
41,286
40,451
69,58
8,540
83,228
86,317
93,287
96,823
93,383
39,99
66,15
85,103
87,628
32,407
28,73
57,245
57,778
97,657
40,629
60,27
61,757
7,968
35,859
70,836
23,877
53,594
47,890
74,864
49,238
89,884
83,141
2,819
47,989
48,135
59,107
2,107
98,170
32,780
37,244
68,836
60,586
8,772
42,332
7,545
46,368
79,928
89,210
94,486
55,548
95,592
84,130
21,255
42,947
50,105
22,672
92,786
69,119
99,354
0,901
54,559
87,810
13,567
5,158
28,78
15,853
12,136
47,105
96,126
32,877
28,646
66,924
49,386
19,151
75,973
4,807
99,900
21,672
59,755
27,899
4,585
42,235
83,536
28,957
78,417
10,669
10,828
69,159
63,482
90,900
12,458
14,780
31,101
22,578
92,754
21,453
33,547
37,747
53,984
89,406
89,689
20,168
65,743
22,498
77,406
65,419
78,714
52,592
71,190
77,171
32,270
49,235
88,166
68,889
8,603
0,401
61,510
53,649
48,720
80,427
31,369
71,309
12,4
77,476
16,199
58,271
42,401
39,204
87,27
43,84
14,337
86,368
94,22
34,982
96,598
47,773
91,510
55,854
53,312
73,8
72,799
71,622
82,922
73,380
25,269
42,639
16,722
71,153
92,819
71,889
34,94
16,199
50,317
25,645
91,511
85,596
24,446
39,439
52,500
26,555
27,910
4,794
22,380
70,908
3,133
34,68
55,403
83,348
94,360
19,786
93,936
85,143
71,386
33,161
57,245
15,505
31,126
58,374
88,58
11,445
65,681
49,819
24,412
76,861
92,894
60,52
28,673
95,901
35,116
59,398
24,762
52,176
25,262
1,874
87,215
26,206
32,214
13,283
48,817
2,211
49,214
3,76
62,542
59,102
71,447
80,145
61,217
46,849
1,93
78,797
33,352
76,169
78,779
37,868
81,374
30,678
14,797
63,957
48,803
37,934
35,611
7,334
1,2
91,85
29,431
14,306
62,575
25,349
4,479
51,452
59,866
48,368
29,788
59,342
46,243
63,144
29,439
75,619
14,372
94,798
37,199
28,987
19,976
69,528
45,200
47,762
43,916
27,101
80,806
0,589
85,622
44,245
51,210
94,152
33,838
1,299
7,48
50,548
79,956
73,825
50,54
65,402
3,127
16,410
43,715
48,661
63,436
29,902
98,629
12,915
2,849
26,479
51,587
68,187
53,225
28,839
81,755
39,777
13,715
61,914
33,489
75,200
34,845
62,351
81,605
89,493
48,997
58,99
30,757
18,38
11,558
78,491
80,888
40,918
57,715
61,108
39,156
5,439
0,392
23,971
69,549
64,585
75,240
72,314
71,46
23,773
89,632
75,962
45,981
71,903
34,914
83,52
21,717
33,76
0,825
85,82
54,175
57,844
89,980
43,28
78,299
43,652
13,241
31,847
13,824
65,183
31,659
89,312
2,42
20,296
58,146
98,962
69,767
33,613
99,970
90,152
46,36
31,842
42,298
27,878
29,309
13,841
59,75
7,435
36,874
62,35
12,60
36,321
75,406
18,764
92,315
84,137
20,818
54,242
23,695
52,470
42,678
58,980
62,534
40,897
92,744
59,783
71,585
27,449
75,779
62,98
93,582
94,415
17,922
89,843
30,68
95,122
22,121
53,446
99,158
22,798
40,995
54,740
99,613
66,694
66,273
4,476
68,906
44,46
20,792
41,811
22,160
58,516
42,717
85,562
40,786
5,673
12,307
56,757
56,228
21,257
50,828
34,893
75,280
11,980
51,630
67,617
39,856
25,38
60,809
31,66
31,628
58,134
3,823
23,543
51,857
25,890
1,312
65,293
94,110
74,371
40,984
94,710
24,153
24,780
72,392
29,707
31,373
71,479
15,929
37,519
46,894
80,731
4,481
57,961
26,196
44,300
86,385
17,326
65,266
17,496
86,174
16,197
28,500
20,780
21,821
77,263
67,778
2,517
22,78
28,617
61,566
8,411
15,932
29,127
64,15
57,974
44,379
13,670
92,959
87,744
0,575
10,214
46,160
9,44
60,349
16,855
92,378
3,127
70,843
31,535
71,476
74,107
89,85
96,282
46,996
34,536
2,85
74,673
92,416
44,964
15,19
6,154
75,617
25,192
11,573
25,58
66,50
42,553
33,89
75,619
8,310
56,3
92,316
73,87
34,580
87,41
73,795
71,978
67,269
73,901
95,181
40,992
78,913
18,441
70,559
16,576
92,463
30,822
99,649
47,948
85,357
18,300
42,563
83,20
90,78
70,327
3,808
13,643
57,46
20,494
90,158
53,448
6,552
54,350
71,309
63,42
98,996
93,224
84,34
57,57
64,768
97,283
1,755
70,792
52,224
63,664
72,232
71,282
68,46
13,805
93,982
71,952
81,755
72,995
46,463
6,917
16,60
84,938
96,716
66,193
74,213
61,510
0,71
89,297
81,276
38,359
3,390
53,26
90,580
5,196
89,763
14,378
3,204
70,733
96,51
31,790
73,640
1,516
31,54
18,889
68,662
87,914
71,164
20,49
51,997
6,616
51,54
47,779
30,551
4,788
62,4
67,108
78,538
52,41
17,959
86,327
94,420
71,440
12,631
76,527
17,24
73,831
90,772
27,53
41,805
89,267
43,62
13,631
46,601
32,933
31,357
1,969
88,963
22,403
63,305
99,891
40,515
15,127
77,509
46,402
25,267
32,104
61,811
78,953
34,802
3,185
19,295
54,331
93,759
94,481
97,380
26,835
28,771
20,825
86,800
2,785
66,798
80,587
54,182
33,91
30,214
37,472
89,616
50,220
68,937
92,123
23,120
69,935
50,756
19,643
59,905
52,918
95,417
80,477
33,824
24,46
39,594
77,613
56,485
36,651
54,963
41,151
29,817
74,928
73,636
81,231
98,669
58,531
14,899
20,419
78,499
48,170
38,736
97,535
18,486
3,741
61,174
52,335
50,560
49,275
9,32
94,503
76,197
65,505
35,349
51,286
33,646
77,92
33,774
79,556
94,344
57,422
65,278
76,715
1,343
97,151
34,661
68,959
11,939
82,394
65,799
98,685
26,177
69,219
90,195
66,291
62,173
54,224
30,888
0,279
16,212
82,10
34,256
58,361
67,826
4,723
62,856
26,456
36,91
82,81
13,748
36,773
34,691
18,808
47,920
41,356
85,16
74,274
53,785
85,953
36,47
82,393
27,54
31,657
93,411
8,263
8,684
13,963
96,635
97,706
68,151
64,697
52,253
39,248
62,878
50,92
44,669
59,505
38,744
54,953
10,328
22,807
83,859
25,110
38,595
17,710
82,866
36,51
35,994
24,590
79,806
82,547
0,895
31,909
29,863
28,973
35,535
88,64
56,382
60,873
3,325
68,428
4,766
18,789
24,796
92,121
44,450
33,844
35,539
25,380
78,981
70,761
16,375
51,22
76,211
3,215
78,489
80,903
35,514
20,496
43,206
14,998
22,622
40,534
68,279
12,847
5,596
65,588
25,393
55,899
95,201
42,852
94,196
47,66
74,813
7,185
0,43
61,252
78,498
60,414
76,538
96,689
87,859
72,56
56,565
29,133
27,65
75,402
34,116
31,360
40,158
5,732
33,808
96,981
23,869
40,923
45,873
74,320
67,179
79,624
81,505
69,805
74,478
9,896
69,511
80,401
20,823
46,53
88,517
90,124
21,335
85,400
91,522
37,581
3,803
7,446
80,962
91,988
87,222
9,830
54,965
72,537
38,993
41,915
76,230
26,199
54,920
83,578
67,705
78,847
80,881
19,658
37,765
95,654
92,182
16,749
87,578
30,726
76,228
10,445
74,433
84,575
32,729
19,290
39,727
82,263
8,260
82,311
92,495
37,537
55,482
22,348
71,386
34,200
80,433
98,956
58,683
62,391
1,814
26,491
79,22
49,126
85,897
95,830
70,199
40,152
62,259
54,193
17,452
66,200
45,774
60,73
24,358
38,646
93,320
73,832
12,290
86,458
50,784
71,77
83,345
97,327
42,156
72,851
76,716
97,272
11,216
72,748
23,965
12,715
60,346
94,299
47,862
31,682
83,576
1,682
15,646
62,176
95,340
37,76
67,677
25,995
27,524
38,773
73,368
11,357
96,885
42,787
71,934
20,223
36,951
71,76
54,111
81,655
58,48
98,289
67,673
9,815
87,763
33,998
50,747
67,251
0,352
65,525
8,53
31,98
43,839
20,992
15,677
9,50
6,64
13,90
83,546
7,349
35,191
0,368
77,559
75,412
99,918
85,688
80,770
24,383
56,283
58,972
46,890
80,406
36,274
12,692
46,26
95,897
65,263
93,581
37,507
16,591
3,279
16,745
19,865
4,835
0,324
80,518
94,989
68,879
82,199
76,107
61,728
36,843
2,484
34,111
30,651
47,486
38,220
73,278
62,161
91,903
34,5
10,743
65,511
39,926
80,709
82,640
57,378
33,578
6,786
74,461
16,485
8,542
71,911
17,580
89,496
12,684
5,290
52,967
15,276
8,243
41,986
62,909
37,778
92,209
49,971
47,218
16,963
23,936
35,915
85,350
8,207
15,100
77,311
41,875
30,36
34,455
48,253
2,770
39,808
1,293
44,309
62,12
65,349
74,371
60,624
70,753
3,407
52,557
68,770
39,793
37,574
96,140
23,950
10,533
23,505
59,132
17,831
92,399
80,22
2,496
48,926
14,232
37,524
42,355
28,481
68,879
1,776
13,704
45,309
46,349
49,868
52,975
50,367
29,52
47,817
82,676
85,215
28,800
13,578
90,413
3,903
25,892
62,838
75,144
48,769
15,364
52,522
0,480
60,46
94,799
63,461
85,8
31,627
31,403
40,14
30,373
56,321
38,990
62,114
30,650
98,213
20,725
95,621
15,528
61,578
18,288
58,943
30,947
29,654
51,21
88,940
44,828
5,323
49,410
6,136
8,969
87,255
34,51
2,443
77,907
84,55
6,507
10,361
27,224
60,77
17,382
59,733
86,120
49,174
44,471
27,868
64,921
55,41
81,949
25,684
0,335
11,240
32,839
66,642
50,295
35,758
5,974
50,595
93,674
46,55
36,395
25,421
23,20
88,443
28,987
17,707
30,125
50,691
96,446
93,513
43,982
47,532
42,630
65,806
85,73
3,204
67,380
77,48
41,853
97,471
86,488
90,637
36,609
47,269
41,681
98,811
26,396
80,2
54,454
29,483
85,508
9,238
32,927
78,961
48,105
40,474
32,348
98,563
24,328
94,684
89,336
12,924
66,908
6,57
99,659
18,182
89,857
44,220
96,815
37,617
9,379
51,102
78,794
31,338
43,768
92,537
27,868
98,330
4,766
27,692
42,433
62,600
67,423
85,344
83,46
10,452
2,616
68,867
57,189
10,736
12,176
83,19
50,416
0,157
66,284
31,558
71,9
11,715
48,971
52,387
27,461
91,392
29,235
19,105
71,722
42,337
19,567
90,70
29,967
89,769
76,587
71,70
15,276
29,34
96,123
50,849
97,231
70,429
17,454
70,873
5,27
41,373
30,342
32,320
25,350
42,152
49,48
89,509
21,91
96,658
84,326
74,287
56,506
48,646
63,174
79,497
66,819
21,532
32,686
77,862
24,376
87,125
12,905
28,86
37,932
73,100
72,414
43,835
91,861
69,199
59,184
82,405
91,901
7,515
7,419
87,479
15,466
68,417
39,307
72,114
92,599
24,589
30,354
30,234
87,871
60,864
33,363
76,838
17,853
83,199
35,223
43,634
74,700
37,406
43,600
19,236
27,738
68,99
0,521
51,722
46,330
34,113
40,434
34,269
20,246
61,586
19,609
24,466
56,991
88,995
86,646
83,536
68,939
58,402
5,608
99,106
41,283
27,573
6,14
19,46
22,466
72,685
91,388
3,926
49,207
68,617
80,377
12,632
99,421
3,900
34,212
8,923
60,491
71,187
89,886
31,727
90,639
60,635
53,28
16,736
8,529
85,646
64,144
46,203
53,384
11,877
74,673
29,894
66,859
8,758
59,409
81,97
16,701
14,233
7,183
31,154
3,203
81,296
9,744
31,663
57,657
96,846
66,645
61,575
31,810
92,501
31,663
76,196
31,549
68,394
5,584
45,45
86,546
10,716
71,512
92,894
63,804
26,210
0,758
92,817
9,518
39,828
12,931
37,353
80,856
50,849
6,55
35,112
80,164
37,563
47,711
97,436
5,181
84,452
48,370
30,897
5,670
4,339
13,21
91,504
16,453
76,332
11,912
99,968
37,359
20,683
22,606
71,140
11,399
88,763
2,119
6,238
71,429
37,98
51,327
27,179
28,357
49,726
18,738
79,191
10,24
97,706
6,491
91,434
56,44
27,222
83,807
63,935
20,586
66,802
0,268
81,840
25,694
18,434
23,12
15,696
83,297
75,532
79,793
48,957
8,143
59,336
33,10
13,722
0,955
3,251
67,445
82,407
51,521
97,526
80,944
55,484
26,714
84,311
69,629
61,868
56,255
97,119
28,416
78,57
37,315
88,63
91,709
77,829
69,870
6,368
55,374
25,886
93,118
30,543
53,337
63,195
27,911
76,352
9,554
12,730
88,363
94,5
45,144
16,279
82,810
49,371
35,13
47,69
13,97
99,287
91,391
52,464
93,65
44,420
9,685
22,689
16,473
35,578
85,343
44,196
54,288
98,206
52,869
13,232
73,76
20,248
61,517
7,119
54,918
66,468
82,773
75,583
94,796
17,647
91,630
24,601
31,150
92,187
44,671
64,728
3,726
68,197
82,358
9,175
14,843
20,715
38,936
6,554
92,715
71,186
75,157
87,878
11,794
58,537
15,960
70,940
5,307
63,522
18,595
59,345
29,81
7,466
70,21
74,947
39,704
4,533
46,5
59,636
40,326
13,368
98,644
6,624
61,658
96,444
43,646
13,919
78,685
49,10
89,560
70,714
51,931
30,579
28,456
89,597
91,220
0,60
4,977
42,372
83,690
94,166
12,994
96,963
89,557
59,335
7,35
35,34
88,358
50,213
36,969
89,600
34,96
37,869
22,188
25,976
54,196
74,225
22,556
39,195
94,33
77,931
21,78
67,934
68,512
46,338
7,161
53,698
51,861
34,674
80,953
74,829
31,518
6,602
7,994
82,77
78,432
57,283
1,699
1,200
53,416
91,441
86,52
34,996
15,593
55,548
26,946
85,104
4,141
4,152
99,159
66,875
51,390
53,270
3,547
61,169
37,146
67,340
31,544
13,100
16,474
99,576
9,701
56,637
26,191
90,464
85,603
59,365
55,193
2,425
49,0
47,946
91,212
75,649
98,435
45,526
64,652
2,219
8,688
83,635
5,38
12,674
54,13
84,82
13,131
14,851
18,685
8,238
54,482
74,93
44,883
37,265
55,636
98,86
78,128
39,794
94,260
87,916
74,743
37,381
98,879
93,431
73,775
90,480
21,667
34,823
74,134
33,259
55,629
34,513
34,579
33,654
81,780
36,911
81,17
49,554
56,755
2,304
97,884
33,994
48,682
28,665
78,223
3,210
29,513
84,904
67,83
43,475
23,614
13,873
34,899
29,905
89,209
17,385
40,26
72,77
37,580
51,834
37,505
20,456
65,685
67,660
2,613
68,100
9,809
39,473
99,348
81,278
79,655
80,515
23,850
4,605
12,237
84,712
26,893
74,318
40,140
38,145
51,308
96,77
53,574
12,240
63,512
28,789
70,447
40,934
89,309
20,749
98,468
91,706
68,756
79,159
59,896
39,554
64,375
24,687
96,769
46,153
64,256
37,120
48,275
38,860
43,109
70,570
6,853
52,814
34,241
39,429
30,175
19,291
87,165
71,161
56,554
19,190
28,852
93,519
88,259
1,954
5,120
37,10
35,170
64,638
4,492
60,832
83,311
75,64
34,857
72,46
4,571
28,837
13,288
12,780
89,608
21,319
6,724
75,675
32,286
2,116
84,199
3,331
80,974
0,336
18,987
53,796
1,946
56,374
13,834
27,72
84,20
13,478
77,794
22,304
84,334
30,481
36,34
24,59
48,910
28,682
70,961
67,962
39,506
69,531
37,607
29,649
84,330
41,769
19,786
59,808
26,592
14,189
17,69
56,740
96,446
78,717
25,280
81,630
87,73
51,860
63,944
69,622
21,749
83,806
49,183
11,278
66,994
91,348
19,68
25,467
25,527
95,407
53,912
75,167
45,190
77,557
34,912
69,667
87,998
48,146
79,792
82,178
58,495
67,441
0,959
43,332
61,69
88,511
33,784
49,181
84,590
37,691
55,383
80,89
33,212
16,267
58,730
5,870
73,397
59,332
81,438
61,890
14,283
83,816
6,819
39,852
40,302
10,179
26,497
10,931
2,209
68,311
13,486
46,697
84,879
36,258
8,54
14,529
40,663
90,450
96,610
18,896
20,972
83,981
67,263
44,487
43,430
98,841
92,739
14,41
57,6
94,685
7,637
33,403
87,58
43,494
30,34
47,605
78,312
46,639
44,623
96,717
99,476
98,266
67,543
71,373
11,260
32,568
76,379
20,582
26,504
27,620
78,697
48,860
76,665
13,111
25,1
67,414
82,213
66,619
70,215
76,79
73,82
15,579
85,686
79,556
72,703
83,209
57,107
99,306
66,798
35,892
78,205
40,567
81,695
32,216
