54,636
29,470
54,852
74,345
3,115
13,634
18,691
63,461
68,788
49,225
60,889
17,765
29,143
63,730
98,113
10,960
70,822
49,240
87,459
3,776
86,39
41,686
16,976
49,744
25,614
48,561
36,529
79,958
44,232
16,60
78,538
49,38
81,811
67,796
45,824
51,844
50,651
67,596
14,706
29,136
71,524
67,252
99,289
60,60
32,276
70,119
65,265
49,172
2,38
81,302
31,409
8,842
84,156
64,966
17,703
95,34
78,128
84,666
33,213
66,109
10,94
76,360
77,121
22,786
10,349
81,593
72,94
47,15
29,632
27,362
95,722
81,873
76,774
57,169
35,931
39,297
19,600
80,945
55,724
54,846
75,872
44,232
92,738
52,965
45,715
75,223
48,521
3,848
80,351
35,748
56,302
12,72
72,155
48,896
63,253
25,150
28,955
22,261
93,262
53,622
87,127
67,973
45,468
0,429
61,389
48,433
76,319
17,585
13,846
61,833
21,567
66,224
92,836
60,257
53,259
51,595
93,644
10,867
14,980
21,616
31,981
80,18
77,436
87,867
77,944
68,270
89,533
70,270
46,980
86,10
83,582
95,14
0,122
49,994
50,906
9,157
19,308
26,78
19,731
91,389
36,74
77,535
24,208
46,726
19,164
83,378
56,98
46,567
6,110
69,391
38,965
5,845
1,911
61,939
4,94
97,713
22,820
46,120
42,378
11,419
89,3
60,232
29,442
74,520
60,687
62,349
48,448
47,198
8,58
19,716
8,484
51,205
1,609
33,717
22,713
13,378
28,470
74,959
14,621
39,726
56,989
16,623
50,389
37,467
97,202
14,247
8,428
46,768
1,508
71,777
91,231
92,742
25,827
18,657
45,798
43,193
38,804
95,434
59,259
80,968
94,158
78,134
27,579
62,631
15,305
48,457
67,766
5,597
11,163
90,368
76,339
13,599
83,406
98,537
77,479
32,278
71,319
18,992
3,603
7,758
4,722
71,135
20,13
19,590
98,597
1,378
98,303
60,177
92,529
98,97
99,105
63,570
64,960
98,730
26,416
36,838
58,679
74,783
73,597
4,176
52,375
8,325
57,380
86,448
29,425
77,82
75,936
43,872
83,300
1,220
54,214
98,172
3,69
2,500
30,909
5,192
42,628
12,898
77,801
88,219
60,693
8,759
79,451
86,6
9,584
68,957
98,793
61,910
63,421
50,415
34,203
52,435
3,206
57,969
9,916
48,171
95,170
31,974
51,526
76,89
82,535
98,163
18,9
81,928
0,925
85,594
29,93
21,134
86,228
9,977
88,867
34,710
15,67
28,350
91,465
26,513
64,466
43,362
52,842
98,364
24,907
15,208
3,209
9,21
75,472
67,214
18,490
59,425
3,261
43,70
72,733
40,175
93,707
22,896
64,359
79,865
61,306
71,445
19,292
61,480
31,489
15,271
61,780
48,652
39,421
44,602
35,444
71,419
92,275
29,39
21,859
56,331
89,25
15,60
14,346
89,733
96,529
62,495
18,730
58,740
15,940
59,93
76,415
62,857
35,663
43,752
13,812
1,748
33,930
0,325
67,751
77,119
64,914
43,418
93,57
82,602
21,973
25,522
7,493
4,900
98,409
36,593
72,671
60,118
58,886
96,836
72,587
31,126
19,200
34,347
85,438
34,956
16,512
18,692
33,558
22,625
42,564
53,999
41,820
60,511
56,10
63,655
20,937
68,962
88,757
87,230
58,676
49,564
25,54
53,461
39,299
74,893
29,867
53,460
80,68
27,763
4,65
67,624
91,213
90,326
78,558
57,62
56,777
31,587
70,357
85,39
60,471
82,306
7,862
90,136
41,231
89,754
20,562
82,82
30,654
94,61
38,916
67,253
33,823
40,509
76,949
17,646
89,79
52,493
62,221
80,400
3,588
78,132
13,890
99,253
77,510
23,878
36,49
47,603
97,114
55,580
6,717
80,760
3,607
78,760
53,955
64,402
48,896
14,394
49,299
71,700
92,134
57,496
79,445
91,456
4,404
46,435
92,734
22,741
25,563
52,710
99,688
86,948
32,595
89,148
59,987
68,142
50,587
15,936
53,80
29,894
25,172
10,108
42,25
38,96
18,116
2,393
20,227
38,280
4,233
72,678
39,547
95,403
68,41
25,801
52,852
32,668
42,629
16,647
54,50
27,473
13,275
32,850
20,80
7,350
84,645
37,564
31,487
53,843
82,92
35,751
71,586
25,358
79,367
56,301
48,585
21,916
59,665
84,788
81,757
6,372
23,421
5,825
18,282
5,23
7,86
32,256
2,444
69,414
29,149
88,40
7,536
11,277
24,196
54,918
44,47
18,5
42,102
30,365
62,290
14,846
82,620
37,38
15,580
58,103
63,415
1,653
32,728
31,721
92,690
33,939
23,195
40,253
17,645
80,146
21,443
30,67
17,102
35,127
18,64
22,631
60,246
19,953
6,887
8,373
63,857
4,177
2,263
13,913
61,249
18,454
71,568
25,713
10,273
12,905
2,257
6,652
83,133
80,311
72,405
43,177
75,286
73,425
63,829
25,417
10,698
18,155
84,40
58,147
1,115
21,357
56,390
81,306
56,894
81,282
33,308
70,430
53,342
68,426
19,715
61,752
35,173
52,254
72,180
92,584
6,577
33,379
30,254
39,405
74,82
80,920
75,826
83,919
29,935
59,677
21,357
59,236
30,891
35,844
93,775
84,877
29,297
89,865
96,382
98,813
80,118
20,498
3,658
85,978
26,372
79,475
21,400
48,479
37,208
17,596
67,572
57,127
51,323
82,407
55,133
35,43
95,54
91,449
63,409
32,112
89,464
53,595
18,529
43,135
89,6
63,998
65,150
71,131
91,875
73,965
29,534
2,585
77,767
70,772
45,856
23,404
28,958
52,321
29,838
17,538
71,373
17,635
27,218
75,449
7,742
45,694
11,659
8,892
36,594
55,174
24,742
39,747
65,424
78,762
6,158
55,308
8,893
1,178
8,820
67,796
57,20
81,785
44,601
59,341
54,615
55,903
30,823
77,938
54,823
4,152
81,606
19,842
74,888
69,226
50,127
49,362
36,517
21,403
44,837
15,807
26,150
56,801
88,915
63,674
67,266
41,42
34,519
62,475
87,782
84,399
36,855
80,318
16,771
17,420
50,463
70,71
72,835
18,415
49,457
31,219
52,402
87,141
96,386
60,762
13,388
17,626
47,935
37,198
61,192
94,763
71,513
46,106
34,226
65,914
96,502
49,164
12,222
80,609
71,715
99,117
2,949
97,243
84,807
42,168
74,691
73,803
4,456
42,137
78,968
53,675
55,197
71,272
69,46
27,497
85,754
5,311
64,564
24,881
87,899
0,81
13,97
55,432
81,297
97,829
69,426
77,952
56,751
18,644
84,164
80,196
21,249
13,862
6,643
7,725
16,728
68,343
4,526
51,148
99,443
42,513
21,515
82,970
44,920
94,14
27,410
29,146
82,194
50,599
48,434
72,997
83,987
43,884
18,270
28,507
27,969
33,84
48,465
42,484
40,436
40,907
65,165
90,986
5,747
46,2
35,974
34,773
35,713
56,270
77,849
58,782
39,742
8,680
97,893
38,121
79,514
90,685
65,714
68,229
79,541
57,761
71,432
61,619
48,27
95,393
74,454
75,122
42,563
60,953
98,308
93,466
66,756
69,679
10,997
92,277
58,869
39,76
6,3
60,818
87,760
87,547
60,485
9,257
23,800
4,391
20,805
30,689
7,886
90,466
61,159
60,293
90,755
12,875
50,311
72,85
77,496
33,425
98,556
31,158
19,563
4,470
64,949
12,474
93,279
54,75
1,876
29,149
6,659
22,31
57,246
72,143
30,323
24,183
13,396
80,284
92,644
58,576
5,160
64,355
13,712
55,898
54,832
61,758
20,395
19,285
25,493
94,510
55,975
40,232
95,501
92,229
68,500
23,637
55,456
78,988
27,650
85,372
61,942
87,123
56,314
47,578
8,798
6,761
77,676
36,207
49,329
40,595
16,213
2,657
84,534
42,905
1,168
85,600
4,829
13,101
62,542
61,195
43,397
3,547
20,378
97,576
18,796
77,310
63,422
79,350
9,637
45,53
39,111
37,701
27,919
52,988
49,892
30,981
69,341
46,839
86,286
45,466
98,451
75,761
77,521
84,198
39,774
18,84
58,631
40,169
16,441
38,439
84,551
35,832
70,969
19,289
92,734
72,705
26,625
91,341
65,193
27,640
35,355
94,271
55,640
66,310
39,254
12,905
6,881
33,860
0,787
59,160
58,154
37,738
33,429
29,974
91,164
86,815
75,906
73,872
36,178
81,600
30,816
48,5
62,713
75,243
4,867
90,555
20,265
21,897
39,931
19,653
58,431
71,438
89,269
19,593
33,526
45,732
42,576
12,948
94,152
97,709
68,851
91,531
41,772
85,831
44,824
44,426
65,195
13,413
87,230
32,24
82,612
15,464
23,374
58,202
41,800
76,208
70,358
90,499
0,636
75,333
97,279
29,259
7,461
52,817
37,554
51,890
61,229
32,185
63,656
10,86
14,333
64,410
58,749
45,672
69,199
42,381
93,433
35,867
30,339
54,314
6,635
87,155
99,918
68,838
27,914
7,534
10,497
64,122
93,133
16,296
97,576
73,467
99,464
21,563
63,828
18,490
68,427
41,325
56,890
55,96
36,999
0,845
47,973
42,578
12,925
87,13
47,419
23,380
29,198
33,427
41,544
65,468
73,701
32,354
21,262
86,151
20,600
87,712
79,155
17,986
2,41
33,322
12,320
92,697
76,62
89,212
48,842
49,925
29,493
3,796
65,675
4,403
10,286
12,503
55,225
46,759
91,234
16,614
28,396
38,552
87,807
87,151
58,295
61,549
4,435
69,794
86,828
98,825
98,98
9,693
87,510
38,235
83,16
58,733
56,682
73,229
3,855
12,438
19,84
93,212
37,157
12,477
53,371
32,48
24,837
50,706
49,4
22,423
71,354
42,57
6,743
29,114
84,304
37,486
95,607
98,730
56,938
11,965
17,163
56,460
65,632
58,828
77,413
59,586
63,145
53,804
32,456
80,5
70,219
77,299
49,837
26,744
40,556
23,726
45,227
71,172
11,438
3,331
45,74
85,192
73,210
80,786
90,158
33,494
16,790
24,620
19,131
20,353
74,588
86,67
58,330
5,746
73,524
89,55
66,681
65,71
32,523
40,614
28,526
49,209
89,194
65,94
6,649
56,662
2,274
32,703
10,396
95,447
75,8
1,218
29,100
39,960
59,863
25,474
14,255
20,898
35,918
55,916
17,980
9,316
7,513
87,69
72,864
0,220
27,323
97,792
64,596
4,257
18,203
52,757
32,959
57,704
44,204
95,300
66,416
62,313
98,747
90,967
73,6
2,210
46,630
64,353
93,975
25,363
40,563
95,422
57,451
44,982
72,315
3,306
66,116
31,556
67,269
5,279
86,125
74,638
15,70
47,537
24,481
0,6
60,132
59,384
25,941
35,444
15,25
65,231
2,775
9,620
7,65
69,514
70,992
32,86
4,833
58,667
82,962
7,468
50,117
39,732
73,577
52,638
70,778
88,580
72,759
1,529
88,720
66,858
40,857
72,339
13,989
48,680
97,120
76,709
89,232
94,363
17,100
92,743
45,594
35,259
31,711
62,234
76,454
41,941
75,213
79,993
50,845
72,460
49,263
9,144
1,267
99,82
57,645
93,803
90,836
88,27
53,993
64,158
49,12
81,48
12,547
33,86
6,476
0,250
85,128
59,201
92,416
55,897
19,690
61,757
25,834
18,231
59,848
59,944
97,386
63,673
4,806
18,528
43,239
22,135
21,459
91,991
64,424
57,95
55,830
14,473
78,992
82,89
33,711
19,755
73,813
68,160
61,482
57,449
72,786
25,633
90,651
84,820
25,46
81,911
60,36
95,539
4,918
31,449
22,698
84,493
58,689
90,688
14,576
51,140
36,506
4,61
8,812
56,441
94,894
41,625
79,730
28,669
92,228
66,71
53,16
13,91
66,44
55,782
80,916
23,96
27,529
74,164
17,188
77,588
11,523
2,833
21,596
89,304
59,754
4,456
32,262
32,790
46,915
82,436
32,705
48,665
85,774
91,86
93,846
55,766
43,562
53,230
58,196
51,936
17,12
12,707
49,291
90,467
71,240
59,453
61,605
98,621
6,271
34,316
79,2
16,401
86,129
47,636
51,399
6,343
23,815
95,695
89,798
97,470
43,549
57,431
98,673
69,335
6,644
42,220
72,517
73,602
57,694
73,908
98,773
42,907
30,258
64,883
16,538
84,439
77,665
38,219
79,417
80,955
74,301
8,310
98,843
94,701
16,857
77,672
39,132
31,802
18,218
5,803
35,189
7,514
88,817
59,93
64,58
10,206
30,324
58,600
37,176
72,318
82,828
36,18
95,893
45,406
49,222
39,68
40,718
54,248
24,489
14,660
24,425
27,732
1,56
83,962
54,305
18,939
67,254
85,644
57,24
54,245
13,639
39,261
19,605
43,870
19,335
1,110
16,96
60,233
48,966
97,636
40,173
35,85
37,705
22,820
15,269
61,597
25,118
40,503
51,341
18,710
96,946
43,102
98,25
61,202
31,780
77,420
73,773
86,963
13,462
44,429
46,664
76,792
64,678
99,895
31,457
79,470
88,710
44,751
80,551
42,952
64,533
38,530
6,985
97,995
39,404
87,220
75,40
73,309
26,368
44,178
18,630
49,753
88,801
56,362
94,873
82,813
53,374
23,567
1,478
74,453
33,924
48,147
21,958
34,189
75,979
34,972
67,508
31,855
72,405
58,488
52,452
71,712
18,156
30,836
10,970
59,275
81,990
60,119
82,709
72,77
21,271
89,309
43,837
72,668
85,985
43,934
36,649
32,106
8,203
14,555
14,745
31,290
98,255
81,15
8,143
36,880
46,147
69,16
73,511
62,859
59,464
10,27
95,424
33,782
47,728
66,160
31,947
73,373
85,764
65,929
17,805
21,149
7,784
94,796
61,169
55,348
0,605
65,621
16,214
96,807
99,26
25,329
67,184
91,795
56,901
41,926
2,132
55,903
23,29
30,452
66,713
21,216
17,798
65,280
92,864
7,980
87,178
3,860
35,680
56,726
7,554
95,168
22,55
81,136
75,788
88,995
27,128
30,559
5,18
51,205
8,406
25,107
74,502
90,53
94,157
35,508
43,968
67,121
10,494
48,540
22,385
0,171
19,639
40,239
43,916
48,82
61,172
95,769
38,837
46,146
26,900
19,717
16,457
23,853
18,619
16,629
81,980
94,859
95,222
82,712
46,305
34,811
62,731
18,268
62,680
19,481
2,672
90,721
86,890
47,425
68,547
30,202
97,46
34,226
55,27
10,27
42,157
64,579
47,183
61,269
11,174
85,327
72,496
98,512
26,879
88,426
32,793
27,944
40,751
36,979
80,288
33,453
20,425
22,501
0,700
81,539
32,164
33,859
82,864
19,720
10,516
16,251
9,717
1,180
44,277
78,397
40,512
0,11
71,651
35,927
34,713
14,899
27,695
66,6
27,566
83,82
39,108
40,937
66,318
32,17
57,622
55,169
79,173
49,570
50,17
60,40
95,262
64,819
1,899
38,989
88,186
80,215
41,679
50,719
27,624
43,970
73,73
45,206
32,805
44,29
5,773
30,199
72,56
92,866
55,851
62,66
49,878
47,470
63,168
10,278
21,36
87,48
27,891
95,577
29,497
88,127
69,833
50,608
85,256
75,91
69,132
2,572
21,25
66,913
91,435
62,7
37,114
0,324
77,755
67,349
69,614
72,577
1,370
36,878
21,221
17,955
78,469
74,405
68,155
83,38
68,45
71,850
46,517
29,68
64,539
29,841
68,676
69,647
96,221
22,517
90,853
7,627
70,373
51,870
11,161
81,813
45,332
61,852
84,809
82,320
48,644
68,749
79,380
72,260
98,809
18,994
35,433
30,512
68,258
46,710
56,722
56,323
33,400
86,670
69,512
27,356
51,381
96,196
15,433
22,99
64,565
44,168
49,313
83,522
53,88
92,422
85,475
9,153
36,355
91,156
11,536
38,623
2,912
99,967
16,810
18,561
80,883
84,639
50,267
53,389
54,806
33,212
83,401
76,703
43,806
47,589
78,591
47,600
25,814
52,451
59,619
12,304
19,517
88,463
26,926
61,728
51,979
42,413
60,201
78,850
35,253
87,331
85,907
13,14
60,772
35,624
97,512
41,343
33,692
81,157
41,526
32,710
86,917
50,876
1,37
47,49
77,946
44,865
62,99
37,544
36,178
48,940
51,297
99,989
54,132
62,7
44,592
26,683
35,868
65,636
11,950
29,474
92,186
55,420
10,676
71,131
56,942
98,762
34,355
34,612
75,927
42,951
82,856
4,22
67,403
83,290
17,23
15,820
37,644
77,631
43,561
18,784
75,671
29,935
15,417
44,318
64,213
3,163
33,399
23,787
74,357
33,203
28,128
95,507
21,29
41,316
89,401
35,340
47,808
86,783
66,11
9,414
15,616
26,221
25,567
79,937
66,822
33,988
19,869
57,728
2,83
8,307
59,190
62,732
79,825
33,875
93,822
23,268
93,622
45,929
12,181
83,397
93,250
80,974
22,342
26,420
97,985
40,757
66,733
80,642
79,337
10,795
39,663
68,766
58,911
5,778
55,310
56,450
14,757
