24,187
72,126
26,850
64,675
49,634
53,113
18,734
42,737
76,353
67,524
26,980
35,13
92,21
56,483
70,70
1,812
42,760
87,386
32,408
35,660
51,558
98,881
18,847
94,331
78,971
74,29
17,997
39,695
25,310
14,321
6,853
5,646
52,518
54,649
85,430
79,351
30,355
80,360
20,74
64,224
32,673
5,557
9,560
68,905
86,166
67,624
0,894
39,982
25,324
41,433
90,31
32,951
4,792
40,106
94,266
21,69
64,789
14,693
97,54
3,565
6,44
18,461
29,896
14,391
21,165
86,514
56,932
45,861
54,193
65,907
34,857
15,107
24,967
58,785
13,684
18,982
21,255
76,137
97,834
50,189
44,855
11,631
38,942
80,860
20,257
66,102
32,651
41,114
24,832
13,846
89,536
19,304
43,558
99,683
91,436
27,497
37,737
38,852
79,994
1,228
47,369
64,532
88,450
84,774
30,747
56,806
69,690
5,156
0,129
3,231
94,809
60,233
22,832
98,998
37,771
27,857
67,573
69,754
60,213
28,142
84,902
16,889
72,997
43,832
42,488
53,841
45,629
21,517
85,314
62,618
12,2
55,507
81,84
57,830
33,272
21,856
4,733
32,33
17,613
55,785
43,292
3,913
85,454
55,851
42,661
40,351
96,611
24,19
96,867
58,278
28,924
36,100
99,31
69,108
64,545
94,194
16,544
67,295
6,136
45,31
98,396
95,278
87,879
2,827
40,882
79,492
72,396
11,528
24,921
69,13
89,955
14,777
93,678
76,853
30,906
31,681
91,743
57,173
55,906
61,156
52,33
91,396
48,733
50,970
10,93
8,522
40,141
96,680
92,610
78,857
66,972
85,572
75,34
48,119
36,187
82,171
21,461
66,834
5,335
29,810
60,454
65,700
1,962
41,839
72,888
17,54
98,237
31,506
23,149
15,948
28,351
85,430
12,131
19,440
4,352
48,517
38,85
47,167
66,581
99,450
3,216
37,225
28,697
45,781
23,203
91,599
62,134
63,776
41,85
52,610
20,663
72,269
45,816
33,569
48,731
1,733
85,279
34,347
89,458
34,959
89,159
45,872
21,763
16,881
86,856
17,793
74,337
27,283
92,732
79,984
74,869
48,406
18,282
60,935
1,810
1,474
37,897
49,661
12,421
31,961
83,377
28,579
76,561
99,646
86,84
22,982
44,570
43,976
13,379
9,683
75,387
71,335
3,495
95,344
75,461
3,140
29,464
80,610
16,91
45,325
95,756
65,517
1,635
76,857
93,189
89,394
69,454
63,922
78,62
16,976
64,62
24,127
57,202
45,43
7,940
19,372
27,753
77,789
29,34
11,948
4,463
12,957
40,355
27,482
57,958
79,370
82,107
77,200
69,932
66,215
90,681
45,830
60,453
3,69
67,859
52,711
87,578
43,627
87,394
53,24
2,782
94,938
59,748
28,872
11,319
32,877
18,437
61,307
31,45
13,603
67,37
91,333
80,157
98,41
21,771
52,19
16,661
13,35
69,906
49,555
85,744
28,741
81,1
38,453
88,188
90,143
92,674
59,919
58,772
19,291
39,488
51,814
85,878
25,40
12,835
88,887
31,731
41,186
15,263
64,809
73,22
79,361
30,453
47,155
35,104
49,49
48,311
43,373
40,654
86,168
90,793
32,494
19,282
30,595
87,339
65,641
77,225
60,368
74,298
86,257
83,824
48,785
16,509
82,500
62,977
66,975
69,5
17,950
13,479
40,350
51,467
30,319
60,570
24,927
83,535
6,507
89,376
90,948
48,650
58,340
99,295
40,32
4,51
38,64
47,518
0,299
64,316
69,902
46,230
9,980
29,118
49,868
5,596
23,88
82,782
77,145
3,664
67,908
29,431
42,426
51,731
43,419
36,875
30,545
46,668
10,262
30,583
18,943
16,999
46,578
2,968
11,993
27,210
56,186
76,505
36,516
16,942
25,226
10,274
65,548
50,126
92,869
53,82
78,585
94,211
17,351
16,759
11,708
72,975
10,420
53,743
31,954
37,340
38,389
56,654
46,838
20,374
95,17
68,631
59,971
88,229
46,589
30,638
60,673
11,759
83,193
82,515
25,616
95,425
78,811
42,457
12,249
19,410
94,121
4,770
99,804
39,788
22,576
98,33
4,511
20,531
24,369
59,268
30,673
39,564
76,929
93,270
67,186
61,261
96,653
98,410
99,406
47,222
23,446
44,609
34,726
23,237
89,307
72,62
51,223
74,931
48,219
64,950
48,167
90,886
12,608
10,356
44,34
55,805
61,621
34,12
3,791
60,22
39,553
74,881
29,525
60,268
71,255
18,298
53,217
93,942
0,67
97,406
82,107
39,395
48,806
1,291
5,821
78,134
58,239
64,708
93,938
68,724
42,255
31,846
1,774
51,379
73,362
86,46
7,588
17,477
73,660
58,540
48,449
74,875
50,782
75,396
48,291
1,946
28,670
42,818
54,631
5,484
53,569
48,34
23,164
68,154
43,325
88,883
88,705
24,725
27,483
51,932
66,200
64,730
46,71
96,887
14,343
46,909
25,962
81,440
95,847
71,260
28,956
7,281
12,727
87,841
92,505
88,536
21,149
75,646
10,448
58,966
83,60
96,165
98,170
43,582
52,507
58,603
97,994
18,705
25,592
81,136
62,863
84,59
16,990
8,13
55,295
25,153
95,760
97,912
71,363
48,5
11,56
70,572
57,172
47,907
19,781
48,631
73,197
78,231
6,907
77,209
60,214
34,442
68,272
15,438
34,375
38,251
19,548
76,624
16,722
28,975
54,481
52,986
50,840
15,393
56,787
87,81
63,952
58,193
75,742
79,155
7,70
36,421
98,520
41,365
42,548
87,372
70,453
8,68
75,804
9,950
17,151
79,864
81,737
53,657
34,352
60,279
43,821
7,90
17,66
42,486
40,63
33,733
52,142
1,872
90,32
79,870
22,383
64,191
20,304
46,301
98,239
46,19
7,979
46,143
69,268
71,386
42,791
0,912
6,715
96,196
89,554
41,159
62,219
92,143
90,515
35,564
30,622
86,757
60,585
21,328
76,511
93,153
41,737
76,943
5,100
97,66
81,305
79,931
58,747
59,287
92,644
83,590
52,30
65,240
63,361
54,980
57,47
11,169
59,782
32,228
88,551
63,900
29,735
39,712
9,396
49,510
18,326
5,588
31,4
5,922
22,731
23,348
6,459
4,1
19,49
75,601
92,29
34,339
0,263
49,488
36,276
97,286
42,769
66,283
5,163
4,548
13,919
61,152
33,282
40,541
52,160
57,993
99,134
80,117
50,446
17,469
81,855
29,608
99,883
88,485
0,789
78,700
24,321
86,285
92,813
83,777
95,19
8,536
61,167
31,493
98,944
89,186
61,811
39,964
22,183
46,909
52,117
62,919
17,527
89,395
38,255
84,583
99,945
4,846
68,229
16,301
70,353
8,397
89,43
29,153
82,14
55,47
56,885
85,787
66,723
0,575
4,404
83,737
82,57
31,521
96,140
99,538
46,769
1,780
92,141
57,409
81,42
65,799
69,491
43,747
33,188
71,736
18,79
90,957
82,334
72,212
23,826
32,737
17,439
32,801
97,303
53,894
55,369
51,838
81,763
20,683
55,871
95,19
55,301
88,378
96,370
66,374
68,477
71,347
54,849
36,147
89,291
21,195
8,104
62,495
60,552
40,594
94,156
31,38
21,910
39,420
51,644
89,51
79,671
25,526
21,944
18,814
90,395
59,404
24,396
7,649
54,235
53,877
24,709
46,35
99,91
4,402
61,128
71,644
72,806
26,45
53,296
83,869
68,414
13,53
61,485
71,77
15,619
95,142
7,931
78,622
76,731
53,920
37,127
73,44
7,314
47,471
61,617
25,543
33,811
36,867
65,377
75,540
42,698
62,620
60,64
18,392
17,930
64,492
56,317
85,539
34,690
77,717
96,976
24,905
75,140
47,257
55,324
74,158
86,501
39,223
5,770
30,10
0,387
77,69
93,384
36,483
8,361
8,629
54,803
82,784
88,768
10,716
62,60
74,254
28,166
52,811
47,679
69,856
11,622
23,310
0,683
50,318
99,575
87,90
1,264
40,549
95,988
65,106
39,916
9,911
57,809
10,733
42,643
74,901
17,767
84,938
77,361
12,721
60,829
6,182
8,968
18,307
39,296
9,294
98,94
35,67
31,293
84,234
38,736
87,785
45,315
95,539
26,750
26,367
47,520
44,816
13,621
70,596
38,210
79,168
2,359
61,335
99,636
42,425
38,494
43,39
48,636
93,257
86,506
82,36
61,624
55,850
33,611
19,938
66,392
67,256
44,502
15,370
42,460
27,65
63,529
5,590
29,913
93,273
45,734
91,738
70,993
66,731
25,867
6,175
23,555
24,53
21,749
87,937
43,917
11,8
86,401
75,173
83,915
95,636
1,662
56,708
96,474
31,885
17,461
71,383
92,286
26,173
88,242
75,481
12,859
51,523
51,176
8,271
38,175
46,95
49,524
64,180
51,947
25,129
97,302
33,595
67,219
5,242
67,523
45,228
74,781
27,802
69,737
35,963
18,498
18,355
95,631
79,357
77,133
81,243
31,261
6,487
75,445
3,355
48,726
42,727
20,386
28,625
20,105
80,919
33,642
27,578
42,17
94,576
14,828
61,524
89,7
40,529
39,374
15,566
46,463
38,327
67,934
63,272
59,809
32,63
74,299
39,941
11,924
97,575
39,277
32,708
60,457
54,921
32,506
57,920
14,464
80,370
67,578
70,791
9,744
75,151
52,522
17,884
7,465
17,780
23,659
84,206
67,116
84,608
93,330
17,977
3,337
20,154
96,382
0,180
92,951
40,477
33,485
76,242
77,97
0,293
49,963
9,434
97,157
44,226
96,438
76,223
80,928
67,910
33,490
28,701
65,71
75,358
26,312
3,32
13,918
24,177
92,378
45,344
83,989
78,699
23,128
48,153
5,908
9,56
59,791
16,575
35,128
11,173
36,75
99,150
47,606
60,418
70,342
55,409
6,108
29,284
79,556
22,451
13,328
45,830
49,80
27,303
63,708
1,374
82,503
7,648
35,202
76,652
24,372
64,148
96,722
94,546
65,50
52,699
17,849
63,843
82,446
37,5
58,743
24,352
61,10
86,497
23,893
55,631
60,368
83,355
97,368
20,121
87,182
10,65
71,996
0,158
82,136
24,710
17,657
62,653
92,605
55,90
39,547
27,81
23,439
57,788
19,362
15,39
25,646
36,256
41,677
24,266
26,600
95,553
5,907
43,355
3,86
67,513
81,107
96,813
55,238
52,259
97,180
9,905
53,556
10,204
60,688
22,73
29,628
25,980
68,767
94,44
36,814
85,899
68,298
96,831
99,835
75,161
74,646
69,138
4,431
98,990
36,649
99,788
51,113
2,629
57,724
84,807
93,803
23,300
0,766
83,86
70,721
84,735
1,142
43,191
61,830
52,402
49,629
25,41
22,456
10,45
68,396
77,150
98,444
15,715
55,928
5,114
2,665
12,351
30,545
33,524
95,759
31,239
69,814
53,274
66,219
61,676
48,314
35,182
11,825
8,592
59,844
28,83
85,452
8,961
79,998
57,885
83,327
81,155
58,87
46,79
36,102
9,116
29,952
93,588
38,878
50,589
41,445
96,763
50,947
78,920
19,289
56,357
69,634
90,156
62,223
11,940
90,725
12,994
37,237
63,72
93,855
9,267
2,412
31,599
72,2
27,568
5,697
5,194
85,335
14,304
72,680
18,958
64,443
36,500
41,920
10,248
34,273
88,262
66,775
15,976
10,36
8,972
82,741
21,41
76,383
35,694
77,502
6,776
74,946
40,724
25,86
52,196
11,169
84,258
87,319
44,158
25,240
10,938
61,310
81,311
0,520
14,775
43,580
6,985
21,951
41,391
12,881
45,561
92,898
42,549
11,797
69,712
0,693
33,858
83,722
42,288
76,273
67,142
51,730
2,291
57,168
25,881
76,829
63,763
52,255
62,675
12,726
44,984
21,711
30,451
81,925
30,728
11,111
52,427
64,512
88,313
65,940
13,573
89,525
73,695
85,415
66,351
82,696
27,219
19,989
2,589
61,36
23,16
5,410
60,440
23,566
47,147
62,98
60,583
37,882
77,134
34,603
16,21
0,210
53,140
9,263
82,802
85,85
3,924
48,596
58,639
35,615
43,556
56,14
90,723
3,861
70,311
16,552
89,637
6,145
19,958
56,197
79,911
77,869
73,468
23,551
29,694
8,351
52,337
93,241
17,731
29,548
61,712
97,117
45,623
51,443
13,888
81,585
67,608
62,623
77,182
1,40
0,110
49,573
69,921
40,610
17,545
9,89
44,91
46,643
6,558
83,677
95,74
72,756
43,71
15,916
48,704
31,823
35,706
99,291
10,753
85,842
65,395
37,918
93,604
48,280
42,526
54,508
4,449
95,896
7,548
61,459
37,168
84,542
95,761
81,800
24,135
17,695
98,24
74,637
43,546
97,438
78,576
33,195
38,868
81,13
4,36
55,993
83,649
24,459
34,13
15,903
14,284
55,322
77,765
25,52
69,143
75,655
50,926
26,541
95,819
8,519
71,168
93,612
73,10
96,941
2,575
46,688
28,969
66,944
55,957
86,287
6,736
39,274
10,868
55,979
36,911
46,496
21,328
51,885
39,131
33,108
75,538
64,184
29,451
40,709
65,830
56,235
3,702
11,0
29,212
90,260
51,60
9,278
53,444
53,391
36,905
32,517
85,177
39,961
96,853
20,612
54,829
64,275
70,450
87,889
90,707
44,792
97,515
49,192
3,127
83,933
21,581
9,346
32,997
60,857
97,872
43,831
27,639
19,190
10,503
32,875
13,551
86,462
62,904
4,822
70,442
25,969
71,375
97,687
38,348
18,233
54,406
46,577
94,110
3,965
57,881
13,543
57,766
61,952
27,616
92,654
69,916
29,120
65,621
17,846
20,661
29,399
86,948
66,926
41,173
0,979
77,729
49,379
52,553
25,218
81,121
29,475
15,488
17,134
85,681
37,710
29,970
49,299
35,318
83,32
36,850
48,434
77,523
36,902
14,421
43,349
99,233
32,820
53,362
9,143
54,32
94,267
15,490
1,355
44,224
79,50
38,408
3,636
89,55
76,811
90,333
89,616
42,592
62,135
81,283
65,803
47,24
99,952
2,51
14,601
85,706
42,675
66,953
27,755
82,966
6,219
90,610
10,802
27,509
18,239
40,319
20,896
16,479
23,380
45,973
9,524
76,134
12,839
28,780
19,633
96,148
98,277
83,480
53,357
9,99
13,744
63,54
56,54
63,403
55,597
91,745
24,87
73,155
77,234
61,617
13,411
94,800
60,20
60,506
37,987
48,688
57,579
82,771
94,589
88,99
22,662
91,101
30,685
22,453
73,646
57,995
5,41
34,148
67,585
51,760
43,326
90,210
72,712
12,372
90,769
85,232
56,776
66,450
71,400
61,729
88,362
37,280
35,680
95,988
13,995
21,424
28,744
6,122
76,171
81,34
92,132
46,967
34,986
72,537
43,147
15,448
57,675
61,809
73,548
35,530
18,430
9,343
4,718
7,710
7,814
18,215
83,281
29,611
88,567
41,508
80,674
27,151
89,58
19,425
68,200
2,265
9,999
75,978
90,896
18,636
23,893
3,850
1,921
77,987
62,839
48,797
22,679
87,695
67,133
63,755
41,306
98,152
44,696
48,597
25,984
9,110
29,222
47,65
33,361
24,447
84,985
37,630
27,386
83,492
54,450
1,29
92,720
79,304
33,932
12,703
60,725
66,907
8,888
0,745
20,102
45,369
16,645
8,730
95,937
49,778
36,916
93,882
91,49
29,811
49,341
9,889
86,325
6,294
53,882
33,518
59,518
19,285
83,368
36,591
18,960
69,17
87,587
75,283
11,799
82,736
32,947
20,685
98,525
39,736
29,324
26,54
32,666
87,530
72,233
23,307
33,607
79,78
92,713
76,387
23,486
74,296
81,866
7,832
28,585
48,49
38,416
52,257
48,521
42,144
30,991
96,849
65,584
71,81
85,355
30,937
19,134
2,248
36,841
94,628
48,910
41,148
80,374
52,16
83,635
35,207
90,613
84,342
63,613
85,668
73,547
69,966
56,668
85,609
9,98
6,294
79,850
65,589
49,150
18,532
9,402
37,35
82,981
15,812
73,420
38,578
28,225
0,654
22,77
74,78
68,105
75,285
26,997
41,335
44,196
99,785
50,231
11,778
84,799
54,417
86,979
33,816
57,753
32,998
67,378
15,497
78,600
70,71
59,522
71,323
16,938
55,299
41,39
58,949
4,411
9,604
27,850
31,465
62,907
25,236
43,244
98,594
86,756
13,174
62,897
41,281
59,409
50,270
88,368
24,228
11,926
20,771
51,326
32,108
17,703
25,520
66,816
88,779
99,330
33,397
94,845
8,543
22,112
83,269
4,276
32,72
42,219
33,760
67,687
83,226
4,832
14,504
50,790
78,367
33,727
94,640
87,205
32,24
64,634
60,73
95,534
79,764
38,254
99,11
44,361
38,841
22,726
90,337
6,76
22,946
17,138
26,946
44,682
54,968
44,796
24,807
41,641
60,343
72,19
90,18
95,229
20,482
45,384
61,72
60,795
92,520
91,845
22,24
91,118
72,543
38,168
78,982
15,888
15,515
70,487
53,589
41,68
81,924
15,854
61,396
12,355
76,332
50,656
37,49
3,505
68,79
75,806
20,756
91,971
78,336
37,354
0,740
30,472
34,316
59,45
88,492
65,939
64,670
25,302
98,844
90,760
87,108
82,105
98,443
97,870
17,63
8,347
43,118
32,742
48,46
14,440
85,418
1,326
45,583
66,83
45,629
16,432
23,560
10,677
49,385
35,36
14,650
47,923
54,110
97,757
58,732
30,641
30,726
38,668
15,96
24,586
77,977
97,208
10,459
32,81
30,383
18,277
84,810
66,165
18,544
84,72
27,998
0,350
41,618
40,0
8,531
4,118
61,256
