53,396
10,511
61,948
81,323
47,48
22,680
26,784
70,46
39,978
50,330
83,267
43,708
84,403
16,789
61,891
88,768
21,941
24,342
42,511
60,784
99,341
2,822
11,496
74,366
67,232
39,866
87,255
39,780
77,463
78,415
40,121
78,936
66,650
98,254
77,774
90,413
91,622
58,591
29,649
59,550
53,716
59,367
12,325
96,115
2,750
90,882
93,769
8,292
13,916
40,750
22,917
71,928
63,78
9,417
74,395
58,819
90,78
9,33
94,597
86,322
67,118
95,544
81,843
9,860
0,816
70,559
58,308
51,103
69,938
80,572
74,566
24,808
0,186
42,323
68,573
86,971
45,802
53,456
98,67
58,527
28,376
54,535
94,877
62,337
61,734
57,994
36,829
24,67
28,660
81,847
16,354
90,520
68,675
47,922
15,977
42,416
19,229
75,110
93,467
43,352
52,244
33,946
12,342
81,221
92,870
57,685
25,692
50,222
38,886
92,369
1,461
6,405
52,688
9,842
69,659
73,610
51,63
57,841
3,798
55,520
86,84
68,595
22,102
69,587
24,970
50,511
32,530
68,613
76,817
82,840
35,390
51,794
14,535
68,607
62,479
1,834
31,134
85,380
58,548
60,991
11,895
74,34
19,669
15,353
91,358
73,445
32,557
13,101
35,709
98,405
60,361
43,188
10,788
72,662
24,902
42,949
27,435
92,950
75,565
41,408
84,502
58,317
34,477
15,393
46,136
17,472
56,941
8,169
26,454
45,990
20,621
87,170
38,518
43,803
9,329
18,473
67,631
44,985
48,693
99,24
97,908
22,266
33,377
35,459
87,374
90,90
49,72
48,55
80,37
21,916
40,696
49,654
59,732
90,976
96,470
49,730
28,83
23,98
92,352
55,728
50,15
44,227
24,920
4,251
13,912
20,273
56,637
47,372
18,247
12,175
44,269
69,879
20,379
62,215
48,744
40,896
67,871
59,496
92,46
87,383
45,266
46,454
37,86
75,895
13,419
99,234
98,381
58,896
67,801
3,675
58,264
42,134
92,3
4,155
74,873
71,81
63,522
65,779
13,991
75,432
53,310
83,39
86,111
23,616
25,21
18,678
68,459
52,598
77,24
38,386
65,700
73,706
89,44
75,555
16,510
21,226
14,268
4,289
71,525
74,571
7,658
49,953
27,843
18,720
21,920
90,505
95,831
27,367
88,32
50,928
3,774
79,298
41,966
35,597
53,924
47,268
61,807
47,333
75,680
27,996
89,858
1,193
29,428
31,24
19,47
51,607
19,873
28,61
16,340
64,441
18,726
52,769
83,828
39,810
11,442
55,625
34,540
30,867
7,154
81,182
67,663
23,908
49,273
4,937
42,668
11,885
18,557
57,744
82,408
1,813
13,229
84,870
62,792
39,277
76,294
61,533
34,818
25,152
47,247
46,529
79,465
53,669
22,228
28,26
13,123
51,648
90,585
30,870
22,162
21,414
55,217
17,401
62,230
77,307
93,403
76,523
10,906
22,631
45,558
98,268
25,120
76,321
88,475
2,912
24,718
30,312
36,435
97,894
34,996
39,243
22,287
23,817
1,673
11,728
31,879
16,231
16,986
2,854
56,83
37,275
87,361
87,745
61,848
47,44
58,333
28,145
19,918
75,911
13,137
62,567
23,9
59,81
68,486
17,434
44,91
32,476
17,958
52,366
46,366
91,324
78,647
93,335
66,564
10,371
54,746
98,19
53,407
16,474
69,51
89,612
46,95
90,187
19,978
29,189
25,437
78,246
43,176
63,529
85,226
49,899
50,60
82,776
97,760
95,689
7,147
38,228
13,420
74,606
64,751
4,119
69,683
45,151
27,964
40,502
24,935
15,875
84,683
64,195
59,950
23,151
76,238
31,899
7,825
1,103
54,211
47,732
40,966
72,862
7,31
81,349
24,969
38,521
12,335
44,199
13,885
85,747
18,329
94,573
16,433
50,323
40,901
41,230
86,240
54,15
29,930
98,480
74,775
25,886
18,984
25,521
49,196
41,63
16,344
65,263
55,44
11,115
43,730
50,3
25,467
82,229
27,526
3,307
98,204
45,229
41,217
94,578
25,479
4,890
96,844
85,929
60,33
4,207
95,123
79,238
85,175
93,387
96,821
69,467
23,387
70,74
62,573
83,40
60,480
73,802
51,854
54,440
41,421
70,934
34,862
22,284
71,75
32,578
96,52
98,683
83,575
18,715
59,473
87,502
68,340
78,93
37,58
94,737
4,513
26,456
64,997
93,88
77,54
65,874
14,361
66,202
90,759
37,373
36,864
24,899
72,284
0,109
89,87
14,803
51,370
33,908
33,912
20,420
25,896
25,205
66,464
92,313
49,122
33,317
55,533
82,160
35,997
69,564
34,547
71,379
54,782
74,937
74,365
52,824
60,720
48,101
42,876
42,817
39,482
82,902
11,176
86,11
5,694
19,840
76,671
13,425
43,577
77,98
36,636
95,577
32,339
95,99
96,360
47,52
3,488
73,126
14,300
51,376
36,553
81,888
48,165
85,702
76,973
40,845
43,364
19,13
36,448
47,679
70,440
79,373
84,939
99,733
59,59
1,141
86,574
8,531
29,183
33,628
83,119
31,561
71,881
25,59
30,887
58,680
14,372
86,850
39,223
63,320
8,634
13,603
46,200
90,190
21,415
56,267
56,884
52,132
70,667
83,424
70,257
32,379
4,738
33,117
34,216
59,519
82,101
83,47
65,151
50,385
21,616
34,410
41,360
60,685
48,40
47,872
92,917
92,516
26,247
26,27
84,630
5,48
88,161
88,70
47,155
0,20
70,531
32,602
27,941
4,757
30,338
16,101
85,519
22,121
53,992
23,650
15,740
93,629
91,481
76,66
60,634
40,544
69,117
70,825
42,289
48,967
93,45
74,994
80,187
68,317
65,278
15,638
24,983
86,595
39,545
11,328
36,432
15,30
72,136
19,525
10,80
49,258
8,759
80,979
58,42
97,141
76,668
34,300
24,590
4,885
53,729
28,196
51,814
53,652
11,998
93,792
44,372
17,29
95,307
34,790
63,948
11,89
46,147
6,987
16,686
87,703
72,920
18,845
49,47
75,363
11,870
67,129
7,901
13,160
27,366
64,64
86,251
40,867
41,52
71,362
22,699
50,975
47,528
41,164
85,194
80,910
79,698
75,578
90,863
73,756
48,317
91,496
64,21
39,670
73,870
44,370
55,260
88,781
67,707
16,933
49,357
7,59
49,58
69,987
94,331
71,729
70,866
27,384
99,658
88,327
70,394
26,102
86,383
66,995
28,603
64,348
37,929
8,147
70,565
19,601
85,4
39,684
43,738
65,903
65,699
85,280
61,291
27,560
71,941
66,353
20,641
95,779
63,429
63,712
76,409
38,247
69,513
37,755
40,325
66,409
72,396
69,905
28,681
8,265
63,653
96,201
98,312
84,472
29,116
4,307
70,837
21,370
73,556
29,994
43,357
80,118
69,172
89,477
38,771
99,943
23,13
47,866
26,232
5,644
10,656
5,43
41,195
74,321
48,612
60,226
17,649
50,656
28,792
87,210
80,386
74,169
43,821
77,735
28,819
60,450
4,830
78,915
32,749
32,615
84,735
8,903
37,62
23,963
68,534
29,819
46,37
24,624
92,371
88,270
54,129
51,894
26,686
77,261
95,545
0,370
66,126
83,717
80,8
38,145
43,891
4,373
44,50
28,925
17,75
36,96
71,337
26,311
83,82
79,955
56,387
3,517
13,185
8,725
14,162
8,418
91,357
87,867
87,670
34,480
12,355
22,580
29,916
84,527
26,566
81,386
44,500
9,348
37,695
63,332
79,870
87,911
43,487
75,545
22,20
96,671
39,699
89,988
31,576
71,445
81,996
75,221
66,635
30,247
55,369
27,336
66,265
5,859
58,240
83,572
73,747
59,40
22,518
29,515
32,43
85,398
38,264
78,987
64,513
49,858
52,232
78,167
77,673
71,852
73,77
49,96
20,439
5,841
39,412
45,560
81,502
96,429
66,742
86,81
57,624
0,997
88,975
32,164
60,156
30,409
42,615
42,253
45,365
51,721
48,424
29,450
69,862
38,871
39,875
0,988
64,892
56,375
35,753
78,319
73,834
26,706
64,913
43,490
70,479
69,752
85,555
22,347
24,86
90,581
8,297
45,477
45,702
24,192
88,266
75,152
81,666
89,17
47,101
91,526
1,31
92,427
8,53
44,109
23,384
44,794
62,728
73,412
21,915
62,674
40,482
63,845
45,255
28,445
87,692
58,570
34,589
61,514
42,522
66,388
73,638
65,135
41,119
87,765
84,498
97,410
60,944
58,63
50,228
96,67
88,142
32,271
80,600
72,455
78,970
11,396
41,776
69,932
5,707
51,357
34,200
96,332
68,839
71,504
32,506
39,560
96,696
44,759
92,616
18,885
14,78
73,623
67,831
61,643
28,303
9,737
50,54
83,45
65,747
84,354
62,494
72,349
96,8
47,479
44,249
91,711
4,476
46,469
92,196
29,284
33,532
31,654
94,190
0,734
41,761
0,768
46,855
93,990
9,671
60,978
20,146
9,200
29,129
54,727
48,130
36,626
69,178
61,916
94,386
37,470
13,478
64,494
19,814
18,896
31,848
42,683
90,865
45,54
74,273
35,414
97,735
46,412
93,663
29,379
87,832
63,518
45,992
56,262
52,644
91,226
34,721
65,483
97,639
73,5
10,653
4,603
24,108
58,413
40,733
99,378
21,910
77,136
70,294
83,759
88,538
52,309
78,524
21,303
76,716
44,883
31,429
28,491
17,529
42,715
4,212
39,531
48,810
36,417
19,335
0,465
61,17
17,161
88,356
52,830
17,193
65,621
39,404
35,398
95,817
13,206
75,136
51,792
91,576
40,400
66,793
41,940
38,744
64,517
3,826
16,44
29,121
86,40
6,839
65,578
91,107
43,653
56,563
98,847
29,107
83,492
43,89
42,1
1,341
79,474
71,717
93,138
3,519
88,306
26,860
39,410
83,480
51,28
21,115
9,341
88,897
50,463
71,515
44,162
27,821
70,508
22,575
0,408
40,19
68,868
71,651
62,873
25,534
87,735
25,882
48,397
11,399
16,963
2,329
12,636
92,274
45,621
94,534
24,798
87,699
2,910
99,547
81,909
39,342
19,512
27,49
93,856
69,590
48,473
67,335
76,3
55,81
52,831
70,589
94,215
17,538
1,635
52,229
36,932
72,492
3,81
77,6
72,692
60,833
65,417
86,395
16,682
31,782
28,606
32,609
99,453
8,366
84,562
21,156
77,164
21,446
90,207
74,276
40,773
30,998
50,95
3,581
74,493
28,146
19,805
96,833
81,291
36,964
70,73
4,169
37,495
13,674
70,76
67,747
61,102
72,310
78,394
0,376
29,768
36,116
64,150
45,729
24,147
81,278
74,705
16,301
53,79
55,106
14,939
30,331
79,109
44,987
52,323
66,145
26,624
71,212
66,826
81,850
0,988
39,76
60,119
3,992
76,956
39,428
49,163
52,203
86,456
49,427
37,664
13,570
68,33
12,118
3,941
72,977
78,437
97,695
38,498
70,883
41,529
4,432
41,926
54,342
33,12
49,26
95,73
20,144
31,668
58,537
73,992
25,577
98,819
57,317
87,939
7,623
66,45
61,982
96,829
55,277
56,751
43,282
23,255
54,904
80,510
8,311
85,26
78,294
44,762
5,193
59,240
26,191
67,987
56,902
50,419
78,711
95,578
47,655
56,431
42,692
10,354
30,69
46,308
81,809
18,501
3,755
33,284
22,91
86,773
80,242
89,544
34,889
80,248
61,504
47,74
72,747
41,762
73,952
76,631
62,87
26,485
40,951
15,361
21,377
24,942
94,799
60,123
27,337
60,602
24,135
11,338
11,515
69,687
27,176
91,635
89,719
18,295
63,936
65,486
30,957
79,588
66,972
3,289
57,394
92,43
86,107
33,889
57,204
11,791
72,502
26,511
20,68
10,798
69,162
86,62
72,90
47,589
59,216
55,202
34,428
10,604
65,939
6,353
23,4
12,717
22,918
16,295
18,862
78,528
83,606
17,657
85,9
68,704
69,525
39,665
27,333
73,951
11,584
0,103
48,134
61,473
34,926
40,822
34,708
11,190
7,287
10,285
82,93
86,349
41,765
89,851
66,482
97,813
98,779
35,179
16,784
66,487
16,836
47,218
3,809
92,6
96,406
57,404
42,409
84,949
10,101
1,798
50,930
40,500
31,383
5,785
27,987
96,612
43,541
67,12
77,423
8,735
98,469
78,144
19,427
38,716
14,917
2,721
99,68
58,97
42,687
75,230
89,474
26,139
9,518
22,293
76,204
50,626
74,825
50,741
72,766
78,880
6,474
26,875
18,569
68,364
84,801
99,154
65,574
96,281
18,108
13,265
97,462
33,82
57,292
8,153
32,370
28,66
91,681
40,244
16,446
41,5
89,896
70,921
10,226
19,40
50,481
72,762
9,514
88,445
31,68
33,305
50,651
99,521
37,456
90,701
54,517
29,880
42,526
93,523
84,61
26,722
97,118
85,643
49,525
71,342
97,81
16,981
46,516
90,982
77,967
40,157
59,805
23,329
33,849
7,494
87,578
87,917
12,144
86,156
17,189
80,178
25,303
47,711
61,530
19,69
96,357
46,941
11,792
76,793
42,445
49,444
36,142
95,184
75,513
82,568
76,112
28,70
1,816
2,866
72,69
73,109
28,186
13,484
99,772
52,791
32,570
7,876
91,538
29,326
24,636
11,198
94,487
10,792
38,366
64,624
48,976
62,83
24,450
8,511
38,30
9,389
31,443
29,478
29,619
31,898
38,791
78,276
44,959
17,421
74,493
38,572
95,537
17,3
86,533
45,853
30,714
21,874
53,954
14,990
68,838
39,486
28,904
55,584
42,113
48,372
10,711
39,708
31,590
28,526
75,3
38,954
16,663
29,540
61,393
42,169
10,410
54,949
64,19
10,581
24,466
1,550
66,324
97,800
58,582
58,393
70,621
58,953
99,697
51,356
11,651
92,674
4,278
98,958
74,794
20,512
12,253
10,910
64,689
46,773
2,940
30,621
79,118
47,330
51,492
88,66
59,828
70,0
48,824
35,928
27,349
4,911
19,558
2,586
36,122
83,517
25,336
32,743
75,355
40,521
14,160
44,91
44,977
37,656
41,454
35,1
3,390
74,632
21,28
81,629
82,869
30,677
49,464
13,505
86,406
17,558
42,910
91,707
38,13
14,681
18,207
99,502
21,252
63,519
2,423
36,506
56,349
37,362
72,824
55,723
48,357
5,70
2,662
61,681
3,868
51,799
37,978
84,978
0,830
16,515
72,537
33,555
83,228
9,491
69,235
15,997
4,110
17,328
98,478
20,9
48,572
95,173
25,602
33,797
34,491
24,513
59,104
0,442
72,872
68,748
81,902
32,912
55,351
9,52
21,814
75,477
13,558
36,621
23,297
13,171
25,570
87,450
84,659
85,799
36,115
12,326
40,733
45,622
18,53
23,219
90,334
99,482
20,419
27,708
68,160
34,626
77,915
25,483
68,993
26,243
51,444
8,959
82,532
59,561
42,138
84,340
8,902
85,56
72,311
6,995
8,732
34,735
78,416
38,526
27,64
99,132
37,480
44,729
59,187
63,793
9,778
93,492
29,833
50,743
54,84
76,831
50,455
14,563
8,486
84,34
15,572
85,249
81,382
24,64
16,532
12,656
85,242
57,3
77,566
6,739
26,814
73,78
77,351
49,249
57,272
29,657
8,217
78,297
24,783
92,582
43,780
66,4
8,756
5,26
86,208
68,8
24,241
1,354
67,160
58,619
21,461
10,887
17,863
30,513
15,543
68,795
28,44
61,100
9,633
54,683
98,466
66,675
14,212
87,888
19,490
87,48
69,767
61,23
94,850
79,47
67,982
72,313
3,852
36,805
12,367
31,224
83,96
56,310
75,600
92,987
18,562
45,488
50,61
36,591
23,914
82,61
94,154
27,418
9,120
77,245
41,966
32,329
18,928
32,957
50,843
18,473
0,616
26,123
64,985
70,676
25,678
50,150
9,416
57,831
28,810
72,182
52,251
24,910
81,808
68,699
50,545
20,761
81,825
70,818
66,420
99,102
48,338
29,515
89,617
71,587
0,963
24,967
59,376
4,57
92,719
16,745
97,493
9,601
33,446
71,138
60,786
20,833
74,595
90,480
55,120
42,897
74,773
80,839
79,353
22,945
64,604
33,692
38,241
84,854
33,956
59,330
85,813
54,783
86,693
16,328
24,59
2,537
61,188
15,947
69,792
56,500
31,9
58,718
50,575
91,345
84,420
46,237
32,651
39,530
70,575
71,746
53,521
95,966
1,83
74,627
28,139
28,997
93,827
27,302
48,464
93,250
28,666
21,924
77,326
42,811
60,454
3,935
88,494
85,320
82,696
44,519
87,163
93,849
86,91
82,742
63,669
20,626
23,778
4,747
8,762
24,503
40,258
68,956
13,642
58,701
46,194
47,150
27,773
32,720
73,529
0,722
82,47
67,851
42,218
95,930
18,960
97,580
31,584
28,458
11,612
0,94
47,229
22,65
45,975
91,644
26,16
60,353
54,225
65,849
0,313
73,458
72,10
53,88
87,629
52,726
54,51
15,201
4,812
6,646
63,32
96,423
28,53
56,774
44,67
61,53
14,616
68,473
67,183
45,797
51,64
49,980
55,148
82,460
27,863
