75,414
57,107
18,513
85,731
9,55
63,998
80,2
29,369
57,273
20,984
70,764
67,668
41,697
56,454
1,514
3,979
86,435
0,310
57,463
32,163
80,932
4,637
70,597
36,138
33,117
61,764
53,199
1,346
88,33
74,46
76,972
99,671
0,453
30,154
10,761
46,200
87,138
16,571
57,450
70,678
86,617
80,43
0,768
84,858
76,497
24,895
46,637
54,955
55,49
11,596
23,193
7,465
36,934
36,142
64,281
29,753
90,821
18,85
45,780
62,628
96,588
62,463
50,310
53,432
54,860
72,409
60,603
14,282
65,784
76,314
53,958
24,848
55,699
59,142
9,479
6,799
32,681
76,794
24,960
41,568
4,69
55,947
25,54
46,34
2,538
28,921
28,705
22,204
3,576
79,449
54,454
65,658
44,674
7,837
41,893
56,716
76,166
29,171
29,6
59,764
59,576
56,466
91,412
55,599
55,679
92,874
88,716
32,199
37,522
17,322
13,373
86,69
9,645
76,50
17,705
17,789
32,198
81,122
68,887
62,314
6,771
93,458
40,400
25,771
45,147
17,923
17,622
0,716
95,935
16,298
43,367
20,975
71,533
12,487
32,565
45,7
10,105
22,33
65,606
15,128
71,62
38,487
77,492
60,808
71,652
36,81
10,132
84,350
44,584
25,150
65,95
55,884
5,287
1,213
23,725
65,150
19,869
1,193
41,699
30,993
36,663
73,868
35,180
4,706
39,424
30,579
15,203
34,385
32,960
68,0
26,621
26,850
81,110
20,949
25,884
90,584
23,188
62,745
13,457
7,478
17,350
17,885
34,939
67,915
75,631
56,135
12,987
35,88
53,169
24,559
69,402
48,794
86,842
53,732
87,89
72,23
57,46
3,945
39,300
52,910
17,235
14,370
14,881
5,410
7,219
38,222
82,796
46,130
38,558
46,825
7,339
75,747
83,248
14,761
99,73
54,783
26,627
72,981
66,300
40,843
99,768
5,473
40,307
68,21
8,985
10,902
65,849
27,577
5,505
94,768
76,860
67,983
96,601
28,332
46,665
4,712
88,253
78,795
57,716
49,599
89,862
64,348
7,607
56,341
37,692
63,763
37,293
77,777
87,737
55,377
68,831
9,990
18,169
64,596
59,769
48,867
43,58
15,901
69,11
29,17
94,972
99,641
97,963
52,745
49,986
69,58
38,290
13,909
16,2
74,547
40,110
31,959
50,524
64,731
51,752
70,691
44,211
38,888
90,9
83,454
78,926
67,527
24,945
96,276
99,443
94,862
85,546
15,84
90,231
87,663
62,61
69,729
33,906
52,155
83,458
38,537
96,872
62,635
39,982
7,197
36,551
63,109
33,665
54,611
54,761
66,222
11,92
57,909
86,324
65,634
41,74
97,6
19,937
20,361
62,484
90,519
22,487
73,320
27,802
82,590
38,850
83,919
35,858
7,892
6,753
39,659
11,464
47,303
37,143
47,817
39,663
29,65
75,811
66,351
97,907
90,647
5,62
95,218
45,957
41,261
50,748
80,798
50,269
14,784
48,839
77,925
70,202
48,804
86,290
38,491
38,46
81,409
81,89
59,745
60,946
45,531
76,634
75,649
28,71
53,98
9,227
98,747
7,214
6,802
87,911
95,184
31,568
58,489
54,792
93,213
52,536
93,276
55,607
82,94
18,297
48,134
26,499
41,7
34,767
28,27
55,114
99,725
12,327
28,511
18,741
89,57
86,576
79,344
74,846
16,880
53,939
42,994
52,300
49,705
81,706
79,934
19,540
38,849
40,328
55,97
40,685
17,774
71,630
34,254
78,867
31,77
20,634
9,617
71,626
13,269
52,135
17,159
88,420
60,762
63,335
42,439
8,453
88,569
67,18
87,409
53,627
40,787
23,968
94,684
92,3
89,609
59,905
82,821
37,19
58,62
88,567
35,947
72,941
87,912
66,804
87,320
70,163
21,104
70,664
50,556
4,275
63,561
0,189
1,163
80,88
73,610
71,52
12,119
23,795
29,879
91,229
66,310
74,551
37,101
7,185
94,44
89,849
70,487
79,912
81,565
36,725
2,5
38,755
90,434
52,176
5,440
77,671
42,978
61,938
68,307
81,815
81,786
42,260
64,623
75,627
93,554
75,136
15,217
11,292
75,288
15,439
89,290
29,141
5,559
62,231
26,768
65,14
99,287
75,498
64,405
96,836
75,594
39,465
6,712
39,502
55,600
94,19
77,608
49,79
67,649
37,340
12,118
30,597
17,757
59,536
30,716
44,878
29,854
95,967
91,523
94,397
64,133
73,21
75,34
73,853
64,778
88,258
51,184
78,149
77,822
28,802
72,399
13,636
36,306
91,678
15,612
61,238
87,825
3,217
82,976
27,553
64,557
75,996
51,225
50,115
56,395
43,315
53,349
44,464
90,303
54,38
86,564
57,421
46,0
85,574
67,424
34,333
64,86
99,925
99,192
37,683
94,912
67,861
44,550
66,120
17,592
50,638
17,918
97,796
47,642
75,631
65,556
77,932
97,806
38,414
51,586
29,536
17,471
6,334
15,896
24,127
59,527
64,844
86,629
13,599
26,938
48,731
19,815
68,439
35,39
36,961
94,26
79,733
5,466
73,881
25,790
12,558
1,525
54,303
84,334
8,958
81,945
14,932
33,579
73,750
51,192
1,276
33,766
24,516
93,933
25,158
75,561
30,278
57,139
35,874
78,435
39,46
85,635
70,613
13,37
57,497
77,251
29,496
85,259
92,617
19,342
45,482
2,921
89,544
69,37
23,308
4,349
24,664
43,316
0,647
51,579
18,834
95,88
66,612
57,60
45,301
12,471
46,178
63,554
16,991
36,897
95,42
46,797
44,494
0,236
2,406
80,845
90,979
72,745
1,153
46,74
73,540
18,87
74,902
66,987
94,551
55,740
14,528
24,803
34,417
1,470
92,911
7,302
77,836
46,698
39,48
12,259
6,715
83,907
59,7
3,483
30,443
5,403
45,47
23,339
54,489
56,137
90,787
72,72
39,594
65,298
37,556
37,209
68,807
71,455
96,125
31,879
13,262
90,378
56,793
60,472
57,170
83,461
40,46
3,986
39,93
83,594
89,68
90,423
2,328
69,185
48,809
92,904
23,211
19,486
23,896
94,9
2,618
60,168
44,795
20,434
15,823
26,476
1,556
35,937
90,23
18,731
38,493
60,704
30,337
7,616
15,911
66,553
30,417
50,742
55,338
55,848
44,53
96,300
78,323
2,75
14,880
9,120
1,509
29,616
39,665
18,355
57,355
19,931
99,906
88,7
72,913
12,439
28,83
7,99
41,997
43,245
71,106
55,321
20,508
42,954
46,318
17,493
65,175
26,109
50,400
92,378
17,355
38,356
94,807
51,898
4,106
58,425
34,149
35,973
84,260
64,980
59,78
26,669
69,65
9,897
38,713
63,400
42,959
25,168
97,775
75,784
93,169
47,36
5,240
9,575
79,322
78,721
4,941
62,63
74,891
15,49
76,601
99,328
0,636
99,186
58,294
24,712
4,762
26,316
30,651
52,76
0,642
95,934
77,395
9,708
53,960
19,662
42,435
93,849
23,223
1,984
38,690
73,998
39,649
9,61
5,277
59,254
41,400
52,460
60,652
50,772
66,129
41,141
91,396
14,207
94,535
60,550
48,691
87,989
85,475
42,679
49,67
16,914
53,837
45,732
76,142
47,373
4,50
71,112
29,788
68,74
30,478
92,211
39,865
91,246
10,317
4,988
80,235
91,427
94,339
7,141
45,820
0,559
40,709
75,92
61,655
25,117
50,300
95,347
75,996
92,453
94,745
28,605
37,42
50,278
85,933
46,109
91,518
25,699
86,250
22,773
20,89
15,424
51,5
71,133
79,683
70,677
36,165
82,266
60,284
9,892
96,738
27,432
64,259
7,290
13,197
18,29
28,84
57,759
49,343
84,784
14,962
12,198
19,271
56,921
64,192
24,331
89,83
23,398
4,105
30,632
39,736
59,599
82,595
46,488
73,115
31,910
15,876
90,78
22,345
38,783
20,237
86,807
52,284
43,544
31,474
53,584
17,295
4,309
73,419
22,266
76,433
31,371
41,13
37,597
89,178
4,314
62,93
38,775
16,499
88,173
98,814
88,967
40,375
88,663
13,626
80,253
42,745
8,758
6,880
46,894
71,586
86,779
1,151
49,334
86,589
68,362
96,405
7,551
17,979
18,526
52,953
19,65
64,705
74,249
99,23
46,432
50,707
22,558
95,311
44,256
22,875
68,838
74,756
98,501
96,297
45,596
93,330
14,260
40,700
36,808
8,131
49,739
57,449
59,800
34,910
57,159
4,28
40,730
78,91
8,380
80,156
33,493
21,52
74,229
15,38
9,817
2,806
19,452
57,94
34,636
75,799
92,735
59,391
69,408
90,896
88,568
55,818
79,630
51,519
16,38
76,893
76,941
13,774
45,383
40,368
81,369
28,169
23,430
72,713
15,261
42,393
64,450
37,104
75,68
76,779
81,349
79,526
22,252
53,169
4,669
41,326
64,358
10,140
61,919
25,944
16,121
40,725
78,110
92,415
12,678
54,584
24,588
95,792
25,521
13,956
59,676
25,742
35,518
86,65
33,473
92,285
92,564
99,991
27,778
66,786
52,739
68,552
87,766
24,821
30,358
59,730
86,333
12,257
17,399
78,644
61,871
89,296
20,610
65,779
81,794
15,489
54,635
88,365
51,941
41,758
85,52
95,588
87,928
20,174
99,114
43,167
80,770
71,863
50,214
47,211
40,812
10,819
40,383
8,591
9,799
93,472
98,623
47,831
55,812
64,701
41,745
86,726
53,443
25,887
89,971
4,30
68,747
94,571
25,241
78,728
3,31
10,745
92,396
35,856
29,796
42,379
45,671
34,490
50,967
61,409
94,520
2,362
34,125
27,657
60,519
8,277
11,532
16,549
73,848
49,160
49,469
84,250
52,284
40,699
96,728
4,435
5,937
15,719
20,434
91,969
68,795
61,166
79,998
53,627
87,531
60,816
14,318
44,135
70,393
42,802
68,818
33,116
95,70
71,542
62,699
87,210
96,118
9,183
63,322
6,904
34,563
23,177
0,597
45,792
87,717
81,621
16,745
34,906
81,318
3,263
36,334
4,62
20,982
19,386
1,760
19,796
11,62
43,727
58,875
99,198
92,562
22,729
74,835
47,343
57,791
33,896
43,580
77,454
60,190
59,52
47,304
55,275
73,141
32,226
60,979
77,102
11,300
91,647
65,495
11,694
47,181
31,728
15,912
91,143
34,988
36,998
59,480
74,515
72,581
71,885
31,499
80,522
93,493
56,843
64,675
11,305
24,124
25,808
64,300
18,229
79,99
31,460
44,449
0,78
74,672
63,161
74,54
88,286
84,605
34,227
18,728
84,427
96,908
29,896
97,575
4,391
31,497
2,616
72,960
56,321
99,35
72,847
97,404
52,118
17,365
52,528
79,231
9,692
22,250
26,488
47,282
72,998
74,980
34,882
61,255
31,812
6,472
24,471
83,691
30,292
0,957
99,742
64,583
93,81
49,812
87,62
29,86
98,499
91,893
93,21
82,167
10,783
88,755
19,979
87,248
8,589
36,859
27,680
23,37
83,761
12,824
48,771
44,585
94,259
53,1
87,15
1,377
62,546
81,172
18,537
15,792
79,267
82,160
80,409
62,174
88,837
54,123
69,748
34,898
69,873
54,532
46,615
30,813
40,936
47,733
96,962
77,592
47,258
19,561
94,951
48,701
15,90
47,255
47,663
23,190
27,75
96,857
23,11
14,26
87,804
76,47
89,623
3,49
87,734
19,562
45,828
70,566
58,261
56,255
44,177
84,913
52,61
11,885
51,855
12,500
78,631
43,521
59,900
79,313
6,589
40,227
67,529
40,146
0,900
64,639
81,185
55,809
15,550
18,358
18,917
10,465
55,710
53,505
20,217
96,431
86,851
82,898
2,100
1,716
16,43
16,644
88,294
31,977
73,240
8,521
81,961
39,804
18,73
91,82
83,461
30,143
4,226
12,925
67,851
74,423
27,43
5,835
1,792
70,986
22,957
43,518
99,558
9,23
21,389
9,440
90,856
13,392
74,674
40,240
22,381
21,880
8,674
98,231
29,691
54,764
34,706
30,291
84,249
4,676
77,899
70,870
24,742
75,17
47,417
87,889
47,534
5,950
38,175
39,542
52,951
70,440
76,739
30,533
52,489
98,436
96,421
19,493
42,743
8,9
39,771
56,857
30,618
54,801
25,205
45,727
6,775
72,7
28,175
55,765
52,90
4,327
7,273
12,856
84,487
49,863
23,533
2,516
73,669
89,780
22,4
38,371
5,6
20,33
0,361
29,70
98,842
11,177
60,884
12,532
43,715
98,276
5,635
3,311
34,492
40,81
48,863
78,569
87,109
48,282
95,397
73,983
23,250
10,667
31,63
0,238
21,421
74,629
10,597
70,826
15,410
50,421
77,40
52,823
89,32
44,983
48,755
48,490
23,282
13,366
91,420
21,9
47,487
96,904
41,205
87,475
83,66
75,288
32,844
11,703
9,210
49,244
51,377
75,817
33,445
73,243
40,887
99,20
9,516
55,970
31,265
86,654
7,800
91,918
78,373
79,383
66,956
39,551
94,26
49,859
32,984
88,859
32,74
90,775
90,471
41,198
10,577
41,167
25,661
83,988
82,150
96,635
78,61
84,918
69,788
49,631
14,29
15,421
16,719
58,536
72,886
18,34
7,272
48,744
89,330
0,26
19,98
50,57
53,590
96,682
59,187
97,136
63,995
52,516
21,962
24,981
57,54
83,854
2,630
51,832
16,163
87,113
32,983
71,2
21,109
96,389
99,735
34,125
45,236
60,436
47,697
20,427
62,929
5,815
27,760
53,50
16,481
60,601
13,781
43,126
47,282
28,222
23,531
28,153
14,208
73,241
87,335
37,338
80,54
78,295
53,80
96,267
33,251
25,130
58,656
37,753
36,127
59,262
45,308
87,914
61,410
66,678
74,597
53,230
18,902
61,131
10,15
58,52
64,493
27,130
40,856
96,378
18,920
73,579
69,44
40,536
17,889
76,817
66,429
95,63
91,893
40,387
49,438
67,173
45,220
51,958
86,199
38,195
3,570
2,945
11,520
70,428
78,413
41,355
82,793
85,646
10,1
94,925
76,96
15,855
27,851
81,839
78,24
56,900
40,858
24,198
33,24
68,162
37,221
66,972
4,324
33,378
78,444
48,324
80,631
19,836
67,946
21,90
5,429
52,48
86,937
19,572
64,729
94,471
26,511
93,829
95,835
50,466
2,859
73,439
93,470
31,723
82,441
24,666
2,901
39,152
4,880
56,549
55,345
27,878
12,516
38,595
98,9
34,693
92,394
17,175
61,510
15,773
95,616
65,659
24,194
77,907
46,337
86,559
53,642
91,611
34,270
35,77
73,794
46,158
15,883
27,737
18,503
86,281
77,305
93,311
25,193
91,244
79,789
41,1
10,299
67,423
72,369
50,603
91,412
54,200
54,556
1,23
76,873
47,271
11,921
92,151
50,400
16,570
81,325
21,862
48,758
93,825
40,792
56,156
80,272
58,351
34,200
14,965
67,572
73,66
19,920
66,810
32,845
49,539
30,458
30,170
54,973
99,364
57,755
19,648
32,271
43,565
46,771
0,813
88,457
54,748
16,157
90,639
51,973
50,593
57,466
22,377
9,872
77,839
27,355
8,95
65,770
93,577
6,24
7,56
21,160
97,884
63,757
9,687
92,210
50,111
85,126
82,743
57,445
15,858
65,366
24,715
21,457
59,868
61,149
75,884
77,950
45,417
44,40
69,40
70,970
69,119
43,879
48,714
41,819
49,359
53,645
69,350
52,305
37,560
12,568
26,559
10,709
11,271
62,262
15,708
44,939
49,761
13,216
44,338
23,25
72,321
76,293
2,118
86,603
98,815
40,486
79,578
98,688
37,441
53,64
69,924
59,52
69,551
1,432
62,96
59,136
92,822
97,600
57,509
5,56
51,884
71,62
21,915
68,109
48,529
62,51
10,94
1,90
25,937
27,824
35,855
65,914
59,15
22,871
29,14
60,435
65,149
54,592
57,6
20,403
18,860
1,210
77,656
17,195
49,599
85,541
35,420
27,775
8,916
1,418
48,490
97,194
22,436
42,442
2,158
28,478
38,668
20,413
29,754
87,721
23,568
76,611
64,639
74,7
36,184
7,162
70,710
79,920
63,694
31,113
99,618
70,871
42,284
58,777
75,802
34,363
15,277
9,783
19,207
25,609
11,878
59,0
85,391
82,433
83,135
70,282
38,423
15,1
63,899
49,965
95,974
68,707
70,964
68,535
19,897
38,869
64,798
56,976
50,582
99,533
62,390
67,604
2,561
69,856
37,874
71,610
32,173
77,108
15,164
84,793
14,303
68,641
95,32
57,708
74,453
39,598
69,725
10,105
53,942
84,261
79,492
66,99
36,492
4,268
64,681
30,390
75,234
60,234
31,517
43,539
56,148
95,940
12,36
11,328
10,321
79,996
50,864
44,555
76,311
70,954
42,337
20,523
38,90
57,74
79,413
52,107
7,826
79,443
45,526
31,858
13,604
82,73
71,774
64,775
59,502
41,112
39,104
10,748
82,902
82,94
96,174
40,535
88,46
32,42
9,776
49,278
28,103
75,187
94,153
39,432
50,801
33,182
18,563
79,324
73,993
96,431
81,518
61,431
12,904
7,277
81,460
87,331
98,714
71,844
58,43
41,272
57,457
11,256
78,407
35,490
55,904
95,140
49,382
25,616
11,971
10,676
94,897
66,980
67,580
38,170
60,212
71,236
52,613
34,765
41,465
7,490
14,384
36,332
75,783
78,766
71,275
92,333
28,515
52,605
32,359
95,841
49,602
44,290
4,172
69,62
97,315
79,674
76,241
62,168
51,124
59,699
57,18
7,739
43,163
40,845
26,492
57,34
17,369
15,861
78,873
5,776
77,506
58,48
91,435
17,513
24,806
68,326
18,705
82,243
30,860
5,79
85,575
3,982
42,55
0,827
19,99
29,8
47,92
12,686
78,746
