1,167
74,535
35,749
44,92
73,583
40,354
58,934
91,103
82,9
61,849
35,619
20,519
35,183
43,629
2,900
99,340
94,446
62,802
74,453
64,193
89,402
69,180
72,936
84,89
54,935
69,36
98,25
61,462
47,675
15,500
19,192
86,207
94,914
99,745
22,33
3,641
99,974
80,601
2,321
85,176
82,384
62,703
85,383
21,788
97,682
39,774
28,587
81,287
50,822
69,829
2,349
44,393
79,414
23,978
73,470
88,489
98,446
97,37
22,505
58,586
78,371
94,41
11,277
20,318
88,412
95,843
66,472
83,82
44,897
13,640
30,306
14,820
27,745
16,483
34,831
47,52
46,584
16,812
7,425
87,335
39,355
21,591
32,739
13,130
7,559
85,107
38,235
9,438
87,569
88,642
56,500
39,492
76,656
30,607
74,498
91,509
75,601
8,245
60,13
6,704
31,506
36,212
56,177
60,874
22,577
68,286
3,409
50,980
61,802
96,493
49,502
60,691
61,631
47,534
45,32
87,674
49,592
98,836
26,916
59,874
59,777
7,199
23,145
1,750
16,854
85,413
47,890
97,837
33,227
98,760
27,935
8,955
57,731
14,301
80,43
23,675
64,942
97,312
36,883
51,143
52,972
4,561
17,456
29,371
70,421
92,8
23,919
36,711
35,568
11,514
63,168
52,938
64,158
46,23
93,22
24,320
9,956
9,578
89,487
97,920
27,209
76,504
72,135
45,852
42,752
48,14
75,966
74,414
86,116
73,876
50,768
7,385
84,613
96,607
83,797
46,913
12,55
7,517
63,246
51,447
26,549
57,341
28,364
37,670
31,460
36,459
82,124
89,404
97,42
93,767
8,733
85,671
70,921
40,752
30,982
17,423
37,305
75,615
56,481
86,398
84,12
43,525
53,940
14,763
71,894
13,119
28,310
35,707
24,337
98,197
18,811
30,745
93,37
71,399
48,418
85,186
44,155
17,170
34,224
62,264
77,369
20,481
18,22
7,273
45,861
38,388
37,625
79,238
7,149
94,43
99,464
82,435
27,930
14,965
0,578
32,9
94,563
44,35
72,151
38,128
41,675
2,828
53,139
5,690
30,275
78,728
86,949
33,248
95,136
79,721
59,186
75,711
24,606
60,674
94,53
44,100
75,653
85,416
85,776
7,14
61,780
42,447
10,631
72,23
16,516
18,377
3,813
9,716
81,791
50,288
70,831
66,499
72,810
0,20
92,499
59,539
92,484
94,685
41,55
50,460
36,727
46,516
43,328
27,462
21,895
98,787
73,691
99,306
35,137
50,958
1,844
60,448
39,746
62,240
51,144
59,476
2,647
71,135
9,839
73,828
20,94
50,52
90,228
18,202
36,854
62,67
19,297
61,787
55,152
75,809
8,806
2,76
9,320
87,470
94,16
73,359
31,42
86,82
87,480
18,55
8,667
33,684
39,279
77,979
61,176
19,608
84,104
71,269
84,877
47,897
56,862
11,971
48,896
16,773
19,398
85,114
24,577
41,268
96,985
5,746
5,647
95,759
49,382
85,965
47,337
87,622
6,441
52,772
59,49
87,947
50,873
23,660
91,818
16,140
18,238
15,963
24,550
30,720
18,46
37,31
33,901
39,497
9,814
86,358
81,589
61,75
64,888
84,477
71,233
3,644
38,253
13,540
86,454
13,20
30,477
49,487
27,121
82,270
17,727
56,747
20,833
97,467
81,349
65,130
68,59
13,99
58,888
41,932
76,933
8,413
32,876
12,669
37,792
71,2
81,438
27,592
86,632
68,400
32,131
48,896
56,573
34,717
73,955
45,151
69,55
48,288
96,879
51,810
37,505
11,500
63,506
27,332
63,148
83,440
36,848
75,367
26,698
1,731
83,427
80,844
70,372
25,774
37,99
4,376
65,186
13,372
8,781
21,291
89,334
14,775
82,109
34,524
33,253
13,40
69,75
7,128
60,299
22,405
66,341
77,876
66,719
51,683
64,813
30,968
55,93
59,439
20,871
78,254
51,36
55,778
32,661
82,345
66,217
94,693
95,166
52,645
17,391
27,51
75,993
72,412
0,766
81,284
23,318
11,408
87,977
7,47
6,964
94,931
71,20
27,5
81,46
4,911
79,491
71,428
27,258
91,672
7,418
20,658
51,633
36,178
78,253
80,536
10,476
48,470
83,712
37,386
35,262
92,6
58,169
36,490
38,412
40,173
9,14
49,978
5,231
65,285
26,844
63,677
85,700
13,635
67,833
4,139
18,178
89,707
5,290
25,657
53,151
79,263
51,352
75,743
75,120
32,357
49,518
32,216
28,111
27,618
78,687
71,676
41,255
54,812
89,484
93,977
79,278
14,756
6,61
23,572
51,997
17,765
4,136
42,434
67,997
53,403
24,420
74,613
58,740
59,790
25,839
40,485
13,812
62,308
90,808
65,433
51,708
0,283
46,12
51,921
27,767
25,58
96,918
29,9
68,21
27,473
46,786
49,334
42,560
65,2
96,195
61,990
39,58
31,150
70,131
92,254
91,694
57,78
92,845
72,511
81,982
35,372
19,695
15,396
18,438
0,481
2,156
41,364
12,996
67,861
42,166
95,602
14,176
68,625
64,49
44,176
20,607
83,2
22,401
92,357
24,668
31,373
45,766
9,276
60,571
33,443
17,453
10,322
58,136
76,418
28,33
33,647
85,833
44,432
25,984
61,788
50,322
87,415
14,347
34,498
55,974
42,769
11,239
41,190
60,821
40,757
23,537
16,20
48,702
30,292
49,465
77,763
23,68
11,805
1,632
75,148
52,338
79,101
68,172
6,701
56,869
65,332
6,931
69,416
7,244
45,788
29,442
61,348
10,670
31,734
30,576
18,323
50,224
21,992
77,632
81,97
2,676
38,563
25,230
86,267
78,399
55,958
10,421
73,175
16,96
16,293
30,843
59,834
73,49
28,343
36,187
56,864
13,588
46,762
78,723
23,293
11,295
58,797
22,743
4,527
11,611
57,865
69,54
60,391
98,316
37,286
71,377
86,757
93,315
47,643
6,306
42,600
37,447
94,416
99,657
44,346
79,420
0,447
80,853
10,726
56,142
42,409
0,705
38,569
97,665
69,540
96,968
61,151
73,584
55,810
3,973
76,655
57,556
47,411
81,574
56,777
52,605
74,952
54,599
37,279
8,761
11,170
13,745
83,542
18,695
53,677
91,630
85,834
51,841
83,169
13,408
90,184
88,846
20,399
45,437
45,980
59,16
79,927
8,337
97,463
96,466
93,486
66,699
78,109
76,762
72,505
39,636
30,375
72,166
35,651
45,304
1,35
43,246
22,593
18,813
43,967
45,879
76,351
21,570
3,810
33,387
9,258
81,964
97,632
86,777
71,531
78,890
60,329
6,335
26,89
15,840
72,662
47,472
38,602
14,672
51,175
80,661
28,101
72,994
9,499
97,339
38,973
63,79
70,688
69,934
41,580
10,887
61,312
20,992
70,163
39,622
11,28
64,502
17,188
48,341
71,774
76,508
60,812
33,81
56,48
5,460
46,761
74,379
67,179
53,547
90,614
16,128
31,81
26,35
84,747
6,776
38,299
91,483
31,420
99,552
72,213
65,820
28,506
94,185
97,103
57,404
42,663
33,274
15,312
14,804
52,360
68,555
23,226
90,467
66,626
84,299
38,217
93,896
96,977
36,810
90,40
88,774
29,970
54,532
57,476
97,920
42,542
43,621
79,178
39,316
10,949
77,670
4,833
21,109
76,113
89,408
57,983
70,608
38,887
80,154
14,172
11,9
81,631
86,890
66,386
14,233
76,237
44,835
10,381
46,710
77,811
61,436
81,98
85,947
45,690
55,150
36,659
38,157
82,582
28,506
29,764
85,554
6,160
82,258
25,494
86,947
98,203
93,741
87,994
40,714
71,617
37,445
0,198
36,571
3,302
33,329
27,221
50,661
68,712
85,133
4,705
78,930
4,915
26,84
24,435
51,728
73,346
94,764
83,141
11,433
19,277
87,136
15,954
4,166
10,794
49,663
82,463
49,722
94,525
30,308
52,352
7,199
95,106
9,198
41,72
11,56
10,375
63,845
16,984
90,998
31,736
38,24
51,828
98,946
18,860
98,485
96,318
22,647
68,826
78,229
4,62
16,145
87,128
38,230
5,836
35,734
45,664
5,220
58,758
97,157
42,570
59,567
87,165
56,895
35,757
45,264
84,624
22,136
18,417
52,887
18,473
66,430
27,869
79,569
48,49
1,861
47,990
82,411
68,682
56,743
45,771
62,570
94,472
63,73
59,901
3,335
4,934
41,389
78,422
83,628
10,634
31,608
45,849
1,582
83,623
48,791
1,127
35,461
0,317
96,22
36,131
29,977
54,583
7,781
46,637
97,876
3,814
87,376
31,523
70,0
62,720
45,915
49,870
91,640
55,499
91,438
94,633
72,785
3,853
19,372
24,929
0,924
56,667
5,740
3,265
10,624
99,553
34,555
51,471
40,447
49,506
43,963
13,477
91,932
8,113
50,596
32,782
48,494
88,217
1,825
57,429
27,778
4,94
67,814
71,42
56,896
50,539
83,612
93,567
52,696
30,789
95,840
69,459
86,856
99,34
79,892
44,846
82,17
53,956
57,795
22,764
68,9
52,79
30,741
88,656
47,52
11,213
65,499
25,818
29,46
70,353
5,699
21,792
25,287
19,145
46,938
82,932
56,864
68,49
45,56
11,932
18,689
19,934
34,85
51,6
17,61
25,466
17,896
34,628
5,720
91,268
12,94
98,373
87,264
52,355
16,437
39,527
24,677
60,617
27,563
38,827
46,170
91,674
99,27
51,468
26,938
34,211
87,489
55,258
62,73
31,351
30,522
39,270
79,250
35,916
83,728
50,354
40,94
45,297
68,283
20,383
1,640
33,660
39,653
79,849
74,994
34,464
57,431
15,383
44,201
77,479
84,175
14,223
0,151
58,334
91,503
23,961
53,739
48,563
29,207
58,553
68,297
73,905
66,656
69,950
49,207
83,315
96,727
86,92
62,218
4,368
67,786
96,794
91,736
68,748
6,754
0,104
47,929
52,356
58,171
49,254
32,726
66,114
28,177
85,446
49,940
73,703
36,142
5,779
2,151
77,705
58,905
47,608
12,485
63,983
21,943
92,543
68,549
98,211
55,651
19,607
90,66
3,148
27,541
44,282
72,764
7,282
44,522
84,822
15,76
23,187
65,13
29,589
65,813
71,326
33,42
95,194
35,672
58,204
49,446
15,349
5,98
42,119
4,768
74,393
87,758
30,654
28,346
5,55
5,868
92,307
14,550
71,892
29,126
61,358
98,273
25,863
41,384
39,289
50,786
49,833
76,653
29,377
5,98
89,27
17,64
61,527
67,992
81,941
62,46
9,573
66,47
27,236
81,288
40,429
84,962
30,708
16,700
3,39
79,78
27,91
37,658
65,710
80,833
51,895
76,689
8,19
97,990
8,472
84,934
14,858
55,86
58,544
72,880
31,656
55,40
45,183
28,99
47,826
82,246
42,202
99,962
20,376
70,288
95,653
59,85
51,421
3,66
8,852
89,510
85,650
16,230
44,127
55,383
13,190
70,166
13,369
47,393
80,460
10,908
84,277
20,583
98,566
5,52
74,403
81,642
95,786
33,875
2,44
57,603
39,327
71,821
36,217
30,31
53,508
22,256
36,380
34,963
61,191
97,69
28,510
79,751
24,715
20,659
56,705
35,934
44,147
22,941
60,348
64,618
34,351
99,482
67,955
49,562
57,925
86,967
56,837
36,403
49,612
20,501
94,624
42,962
90,807
52,692
93,204
70,326
74,353
32,727
33,724
57,581
51,112
97,793
45,863
0,44
6,112
31,173
60,227
52,556
95,958
31,357
80,391
75,832
5,102
9,616
39,290
99,699
96,899
5,818
15,403
85,129
74,190
4,211
40,142
97,877
99,13
71,712
14,253
42,938
3,615
94,226
89,628
62,152
30,637
58,219
84,385
67,448
21,670
98,865
29,159
60,589
43,687
69,52
4,63
50,419
13,77
88,224
22,43
14,684
73,445
9,833
40,897
11,377
25,505
73,165
66,308
8,463
37,31
48,587
32,41
89,402
43,581
16,52
87,22
51,354
54,46
46,445
78,65
60,140
73,642
88,578
68,392
82,372
41,408
71,67
56,134
65,878
92,635
34,299
33,752
15,189
68,684
50,824
85,242
20,235
22,736
29,55
58,579
24,407
4,104
15,129
43,387
91,721
50,605
82,305
12,12
1,134
71,193
32,370
66,550
62,918
92,502
58,673
71,80
13,94
14,820
55,351
58,913
31,676
0,219
56,412
29,236
53,282
26,764
63,170
60,466
92,565
66,396
7,384
15,607
45,235
41,154
0,483
30,471
65,203
24,653
47,644
45,746
23,592
3,47
94,803
71,622
28,740
45,29
7,80
19,386
29,197
3,211
38,823
84,674
4,400
87,794
98,426
56,189
61,811
73,160
65,774
46,549
8,833
86,60
86,322
9,524
16,243
84,602
77,731
38,151
42,48
79,463
85,324
94,791
95,9
74,805
75,61
26,894
4,411
3,302
94,90
60,150
95,478
11,141
18,570
17,46
86,361
7,512
26,595
32,929
69,933
88,453
71,541
52,381
70,415
69,59
76,473
27,792
96,576
1,285
52,840
42,606
74,935
44,253
3,37
83,968
14,322
70,686
44,163
87,743
27,360
79,984
21,484
79,282
35,440
51,150
36,438
65,217
74,611
22,442
20,971
1,226
88,829
63,379
2,773
57,458
17,87
87,305
44,303
12,88
29,557
37,21
35,882
95,13
40,495
80,792
78,142
87,896
83,143
82,63
98,484
63,206
49,767
81,953
96,923
81,6
68,547
34,568
57,443
84,622
75,111
24,851
76,171
19,836
19,380
7,582
0,425
84,237
66,746
78,675
3,227
21,870
87,307
1,69
35,141
87,182
61,802
24,558
39,829
23,476
93,935
26,944
24,245
71,113
4,901
27,586
5,158
89,909
49,925
25,976
6,993
30,250
53,941
45,585
78,765
7,215
67,881
30,783
73,801
14,328
13,635
3,881
23,950
38,52
74,350
75,977
96,826
37,599
88,524
41,784
31,602
73,480
18,504
47,281
22,649
40,280
77,845
58,739
89,194
28,186
73,826
50,612
73,215
43,854
9,119
85,4
99,73
0,167
51,875
33,533
75,673
54,857
12,624
60,84
68,734
38,261
30,455
20,25
96,592
42,21
0,194
1,997
95,837
89,429
61,421
35,559
17,244
93,125
17,484
14,981
10,969
9,609
32,173
37,708
65,28
77,930
8,993
7,693
60,727
55,751
81,308
77,233
79,95
57,724
34,70
72,979
71,33
52,83
12,483
9,783
7,830
80,640
29,849
7,352
43,508
90,616
52,201
25,772
75,800
83,103
25,385
90,373
31,624
41,849
42,387
91,517
57,437
77,126
1,925
65,640
54,56
41,588
47,768
16,2
17,899
68,240
98,782
17,859
73,554
14,396
67,214
53,510
67,704
16,619
52,514
74,940
39,113
48,96
80,983
41,45
53,590
48,887
41,638
26,819
27,123
2,336
40,52
52,918
72,634
95,557
23,759
98,96
81,69
27,565
48,699
93,530
34,383
3,385
76,153
31,13
67,472
97,680
83,857
45,40
34,774
38,391
40,154
39,923
81,291
8,98
53,862
80,206
69,241
32,809
50,581
24,896
68,524
52,198
70,403
5,820
93,956
76,540
72,546
50,870
12,141
49,675
42,673
92,596
92,861
52,57
86,213
10,38
55,833
37,6
77,636
26,429
67,319
99,642
65,381
82,570
10,845
68,286
47,628
40,349
42,316
19,776
57,510
55,505
85,943
71,907
65,147
15,993
21,948
2,525
56,764
61,815
88,890
77,733
92,524
3,221
15,266
9,145
89,829
17,542
47,144
85,55
36,825
24,178
57,983
1,393
61,241
33,235
34,892
51,436
59,5
9,711
22,209
99,114
68,710
58,470
89,205
85,433
91,857
78,925
4,569
68,153
87,960
34,6
22,649
82,183
34,71
63,476
89,931
33,171
85,755
9,38
77,658
41,315
88,847
11,234
45,141
24,760
62,494
97,821
8,797
57,924
56,493
27,199
43,708
99,593
76,53
65,656
87,356
61,212
81,0
40,806
38,571
4,619
28,750
3,860
22,258
52,146
17,151
40,195
30,278
17,427
86,72
19,990
12,72
37,205
87,810
80,964
30,100
95,19
63,805
23,666
29,767
63,920
37,218
62,442
99,831
20,976
12,211
40,78
81,921
37,433
37,76
25,819
21,391
15,66
44,890
59,698
58,468
68,988
54,690
5,725
65,136
44,142
15,565
85,660
90,912
31,658
41,921
5,765
34,555
29,148
62,457
71,404
32,566
3,658
54,561
29,233
82,609
42,216
52,475
64,163
96,612
84,575
19,252
50,120
47,910
48,378
82,840
27,293
58,191
67,44
38,617
41,333
13,1
44,503
87,486
89,935
71,668
34,895
80,854
14,964
70,470
94,384
43,59
90,769
39,562
25,228
1,444
37,48
77,518
25,408
7,340
23,812
94,202
65,250
53,146
95,210
85,983
40,677
76,10
53,651
15,118
88,600
1,449
61,470
93,154
45,75
49,963
72,448
67,529
98,742
98,903
78,13
0,773
53,249
22,424
62,992
41,185
21,870
3,533
25,468
90,242
28,64
87,479
45,707
81,495
11,2
56,928
93,543
55,316
15,723
94,444
22,681
43,931
92,613
1,357
29,849
21,510
9,169
98,753
35,119
72,328
67,94
31,630
78,758
80,482
60,255
88,270
1,732
83,425
80,100
19,78
99,767
88,213
75,634
26,926
8,504
10,909
25,36
67,603
50,255
52,353
86,819
1,683
66,556
18,357
31,213
32,31
58,382
0,116
16,372
60,229
20,878
79,674
65,734
80,456
74,229
70,321
49,301
69,93
42,707
40,654
81,96
50,997
26,528
15,993
38,710
20,487
65,712
20,741
42,105
26,777
6,206
61,384
17,820
0,781
13,495
93,108
8,520
90,480
68,789
7,277
4,953
37,386
22,225
69,36
2,61
16,835
35,611
9,42
73,332
37,840
40,702
59,161
56,675
92,183
1,287
