0,834
35,676
25,758
10,283
21,639
21,9
11,958
96,427
6,600
6,618
4,737
48,521
1,284
35,860
68,278
85,480
26,953
30,943
20,179
19,740
40,726
61,547
77,65
59,218
45,882
16,734
94,282
11,652
60,207
8,284
63,753
38,262
41,840
1,632
31,208
23,822
55,981
70,154
27,362
65,975
36,259
98,397
44,694
55,893
33,597
86,712
19,493
98,385
51,904
47,966
93,470
11,304
56,878
10,91
33,11
81,804
58,178
47,682
48,427
1,266
70,115
14,330
77,66
88,794
87,70
29,100
45,441
24,384
91,543
43,812
62,786
13,322
87,663
43,792
62,805
12,447
83,299
21,828
32,615
53,357
75,46
98,15
49,336
20,330
74,561
12,593
24,425
5,879
55,374
92,36
92,736
66,6
1,526
26,92
24,500
41,792
8,329
57,109
92,439
0,75
60,855
55,396
48,334
5,429
77,623
5,563
91,993
82,633
5,850
82,976
81,591
58,464
95,227
4,728
22,265
47,85
1,121
75,31
21,199
0,69
82,721
26,385
54,193
1,719
29,79
60,241
23,352
19,359
84,469
76,231
18,549
79,950
29,168
61,262
36,291
34,682
21,245
71,685
47,526
58,634
90,7
13,28
0,750
31,77
94,413
84,508
41,93
30,811
1,940
87,446
19,408
26,670
59,79
67,371
59,940
81,197
93,870
7,66
43,981
0,363
33,466
84,343
80,778
68,922
38,411
34,492
6,444
25,150
33,403
42,970
29,707
52,970
55,375
93,837
4,392
99,350
25,85
19,533
53,258
94,275
13,861
87,289
49,563
58,469
4,190
13,902
72,574
63,816
14,375
30,74
83,940
95,982
76,43
70,910
21,637
22,327
8,298
81,448
70,231
23,911
42,754
61,737
61,249
84,33
53,471
99,327
65,279
52,279
22,101
67,337
59,831
47,474
0,427
3,735
74,67
99,33
9,708
36,41
7,376
22,987
42,976
76,689
36,249
61,625
4,978
85,323
5,403
87,37
42,370
72,409
42,489
90,785
51,588
10,841
13,946
97,146
9,715
27,466
66,921
44,631
59,633
24,993
37,963
66,105
58,844
4,855
2,507
63,998
45,872
77,92
50,796
94,251
15,994
5,429
6,756
83,167
58,566
79,110
90,599
84,986
81,952
75,289
43,165
12,46
31,830
63,599
26,128
0,134
65,804
33,259
92,245
50,604
87,641
63,177
69,219
34,781
9,702
24,588
71,341
73,736
67,170
99,272
91,327
88,66
57,494
55,998
57,697
52,488
88,764
18,112
65,514
6,245
85,791
2,333
86,95
97,559
83,181
96,234
43,175
29,371
66,125
51,99
37,146
17,503
50,119
74,598
93,136
50,933
13,231
86,402
84,301
65,696
26,484
42,363
4,699
64,358
37,172
80,580
0,604
85,100
31,665
15,87
56,578
50,956
53,219
36,396
84,339
95,645
79,530
57,348
2,636
42,547
58,365
76,701
52,497
86,629
83,432
46,76
40,452
26,269
80,118
17,452
49,790
4,268
61,49
44,927
30,417
22,75
97,659
28,676
45,3
32,901
92,836
18,155
37,304
88,300
83,755
21,362
16,164
67,783
86,551
49,573
98,289
57,527
27,354
37,285
79,647
18,391
98,190
58,674
45,497
52,986
55,335
35,612
39,177
3,398
38,489
27,711
68,693
28,261
51,163
70,347
80,895
7,155
85,763
1,463
31,865
37,286
62,667
94,103
74,565
98,746
39,801
40,835
63,670
1,135
57,375
38,212
40,70
60,821
69,648
75,824
97,946
33,803
21,120
18,997
7,715
34,323
98,980
12,63
10,58
98,739
42,801
35,421
16,612
24,333
22,995
50,81
20,621
44,603
82,248
63,871
5,5
93,191
59,424
47,308
30,628
98,7
99,792
43,940
24,906
56,560
99,744
15,32
94,307
94,876
4,759
8,572
40,476
46,863
83,60
75,660
77,417
0,577
71,89
2,274
33,641
12,359
91,71
95,784
34,128
88,375
85,917
26,499
59,253
53,8
76,785
28,27
55,144
47,562
5,374
47,832
27,648
24,429
44,63
43,592
14,321
75,19
54,737
6,7
74,723
27,571
6,507
90,845
36,839
73,948
11,219
60,903
25,692
2,823
63,25
21,587
66,606
99,501
80,346
87,448
97,906
62,369
12,293
84,484
36,689
57,629
0,297
97,557
35,969
92,75
99,151
1,27
63,965
42,470
68,716
37,993
52,261
86,657
34,432
42,893
60,145
61,931
45,987
86,504
57,841
7,809
76,442
37,821
2,886
92,14
4,804
37,319
30,591
35,517
83,997
8,140
92,319
84,883
23,487
44,509
91,840
36,720
97,650
19,186
46,32
20,427
24,597
0,121
32,181
64,250
91,531
8,133
61,644
9,876
89,771
1,122
37,19
60,726
41,124
43,518
93,355
95,537
52,805
15,964
5,62
67,323
48,840
37,663
44,275
47,877
27,454
57,558
46,507
10,14
44,228
58,158
11,884
62,627
5,315
69,810
56,510
9,388
48,576
81,54
16,33
84,206
36,952
20,24
15,921
60,862
10,838
45,833
67,984
20,852
99,558
20,461
6,172
85,999
59,324
46,980
42,628
35,471
64,52
1,517
33,822
53,526
28,370
3,38
56,850
53,475
67,127
97,612
25,154
49,986
87,181
57,431
37,272
50,11
20,841
78,138
90,23
82,983
76,43
54,783
49,690
11,581
48,925
15,172
55,469
52,643
13,294
9,601
99,407
92,323
58,113
50,442
46,833
2,891
13,212
27,695
98,483
46,877
4,358
53,882
82,373
93,476
32,537
99,251
99,237
2,715
18,346
56,21
25,201
87,791
20,421
73,978
94,511
58,139
34,493
0,775
95,918
78,351
33,302
71,722
69,872
25,361
2,833
29,34
3,507
12,429
57,301
77,413
0,496
79,690
25,220
80,925
75,605
99,905
53,844
11,17
93,807
53,387
78,625
88,136
20,29
74,331
12,654
17,724
96,562
45,386
69,151
98,370
42,885
26,19
65,17
75,946
79,475
58,667
52,683
65,763
63,424
37,543
63,393
40,49
46,952
83,509
1,106
42,138
13,342
4,761
68,670
63,172
66,748
56,629
57,309
44,648
90,15
21,863
67,805
95,808
29,815
55,41
65,143
92,245
58,916
38,308
48,566
7,625
36,145
20,270
2,17
7,137
96,838
52,252
54,381
29,321
98,551
84,300
69,280
3,144
74,807
32,236
73,432
42,300
88,652
67,674
61,477
41,134
65,266
53,353
40,802
0,597
3,693
99,772
3,21
22,259
91,874
38,14
9,110
93,943
93,714
49,85
86,971
80,51
4,67
47,460
46,119
80,58
8,720
5,879
11,763
49,964
89,941
40,806
30,34
44,805
55,691
81,880
59,224
34,582
99,22
85,258
34,386
68,470
38,273
46,531
71,473
40,180
39,165
3,25
34,331
96,17
9,280
80,651
34,56
58,66
80,828
8,344
4,928
50,732
97,418
4,719
38,631
38,821
93,234
42,505
50,891
51,696
24,936
53,699
52,229
74,396
49,522
89,287
15,659
52,824
72,817
44,310
50,799
0,278
12,199
0,68
8,578
17,786
80,71
9,52
49,902
20,440
64,263
48,332
88,336
22,243
85,212
1,400
34,901
83,208
95,757
66,988
40,991
19,388
30,172
89,490
58,534
7,957
35,800
14,176
99,469
41,987
20,901
65,300
93,371
50,308
9,891
34,881
68,287
80,691
44,649
20,995
93,166
52,363
49,359
46,686
93,666
66,514
74,352
14,637
60,709
18,921
34,313
33,199
56,319
26,266
62,590
89,978
45,124
46,695
27,602
63,848
42,25
15,238
65,74
21,716
0,681
15,138
80,159
31,308
10,665
94,476
49,582
13,175
68,514
36,560
59,10
94,687
50,432
50,265
86,980
92,920
34,284
45,247
50,339
56,819
53,896
84,377
20,310
61,80
69,694
6,415
71,26
96,446
2,234
91,322
79,845
54,950
76,763
16,667
47,861
26,458
46,262
77,95
3,117
26,657
59,375
71,36
69,186
62,621
98,633
90,217
34,885
15,219
89,754
36,917
59,910
18,642
26,473
30,931
44,324
21,166
56,368
77,265
45,314
61,884
37,4
58,186
81,475
98,864
72,710
26,368
51,747
27,621
17,796
64,217
67,107
45,469
94,294
10,616
7,207
32,856
26,562
97,712
3,76
82,828
37,665
67,656
78,2
93,872
45,903
28,231
86,634
98,556
90,269
95,418
71,222
46,661
21,338
73,450
19,539
71,452
64,551
29,462
85,168
80,985
21,986
85,39
24,77
67,845
68,837
82,209
71,27
59,908
71,172
17,942
2,347
36,884
14,798
22,319
10,266
47,863
61,896
49,18
43,274
80,191
54,719
45,266
4,372
64,890
36,499
97,406
41,386
61,76
79,825
11,479
11,970
1,201
60,409
20,439
91,323
48,648
21,337
35,610
88,832
62,456
14,259
14,685
94,19
33,723
2,76
64,191
48,150
43,661
44,159
60,492
25,456
97,914
4,901
11,147
87,379
97,888
57,717
73,64
61,769
84,166
28,131
59,180
9,155
3,502
97,822
9,751
71,562
85,111
29,180
17,953
58,698
11,257
20,289
73,805
3,423
22,487
77,231
70,37
78,433
53,893
94,461
57,299
11,699
93,614
18,353
38,77
18,206
83,537
49,702
48,277
86,611
80,789
24,950
19,750
33,470
88,208
33,129
66,844
56,538
73,584
27,992
88,600
18,509
58,699
61,499
6,762
79,922
47,911
11,186
51,904
36,137
83,999
24,395
80,885
45,402
60,316
59,437
68,703
95,265
38,823
10,141
67,785
58,629
82,783
50,784
32,792
80,566
13,724
96,90
46,468
15,494
59,501
60,360
2,733
9,362
17,769
57,981
99,669
18,103
3,569
9,434
54,855
25,227
84,0
92,759
16,258
94,946
92,778
17,504
52,521
79,76
71,553
43,792
41,618
53,875
87,773
71,232
47,552
0,896
6,14
56,92
21,182
73,417
4,81
47,499
82,417
65,91
3,561
73,275
28,794
42,224
11,369
20,399
45,912
81,457
70,307
0,108
62,125
27,23
32,9
92,613
33,412
0,750
89,453
40,238
13,843
66,936
36,475
17,636
20,915
38,914
62,367
85,445
31,693
85,911
3,6
78,162
28,727
30,362
94,24
78,179
45,668
92,885
4,659
35,442
30,138
60,478
25,436
58,369
19,97
1,557
34,483
12,909
30,60
17,854
99,26
2,677
11,414
45,653
42,547
98,89
21,94
3,528
93,433
47,500
40,555
73,890
35,11
40,223
21,407
46,299
51,43
58,96
18,536
58,810
24,66
53,652
63,47
62,940
69,868
67,112
11,592
66,665
29,399
6,708
45,780
2,11
47,452
46,713
23,916
72,845
85,312
29,874
84,639
98,559
40,921
14,712
58,377
23,739
46,254
10,640
56,821
65,351
90,648
96,397
31,295
39,709
4,340
85,181
8,96
85,830
8,859
56,650
62,483
8,256
37,874
6,305
36,314
53,600
16,278
61,831
29,735
77,581
18,94
7,861
19,377
75,1
86,606
20,8
56,847
53,945
72,848
86,319
18,965
76,391
63,127
97,191
46,158
86,494
46,216
88,370
24,343
23,8
1,597
78,154
41,108
8,220
69,926
84,411
50,402
84,701
27,933
56,582
75,196
76,907
77,446
59,58
9,631
7,43
76,109
67,803
72,706
7,644
16,820
82,236
46,24
20,797
32,605
84,59
6,716
40,833
98,754
54,9
50,620
99,994
71,426
96,511
1,965
85,920
71,361
74,305
49,382
51,724
1,94
7,752
22,447
16,656
6,836
80,986
34,851
77,34
90,710
5,842
57,672
9,725
54,756
76,288
90,720
63,150
64,95
7,710
44,937
60,517
79,570
37,173
69,119
12,235
27,260
39,800
89,78
33,367
16,183
38,59
59,666
36,162
98,104
44,777
61,127
45,311
67,433
37,309
94,525
67,72
28,957
86,949
88,10
30,421
16,982
59,378
73,811
86,291
43,554
4,183
24,231
79,829
18,466
29,160
17,681
23,701
50,876
19,276
14,720
39,75
95,890
82,340
52,851
62,884
26,734
40,555
52,289
4,226
84,671
83,146
3,221
14,390
64,802
69,693
76,180
45,843
7,739
83,756
41,212
50,429
56,514
23,735
27,431
70,750
22,248
85,263
12,76
2,449
56,197
66,360
90,899
50,341
66,496
29,756
58,676
20,212
60,177
4,284
17,390
38,963
97,146
6,434
32,93
54,659
11,213
91,324
75,331
32,114
78,129
20,2
96,327
4,983
66,130
77,607
62,630
0,174
5,247
35,686
41,446
87,87
67,497
42,788
77,349
63,261
27,265
34,40
79,335
39,358
62,468
40,95
28,734
66,443
36,33
50,63
50,857
73,841
60,500
89,744
12,645
44,833
11,873
31,332
55,951
17,410
13,143
55,461
74,336
91,86
3,298
5,670
55,582
23,36
51,403
99,827
37,494
97,72
99,72
80,380
38,651
25,489
80,933
23,715
83,181
74,627
83,187
10,962
1,159
84,692
13,527
66,883
12,535
23,956
18,423
22,311
98,90
65,457
67,402
94,828
53,98
91,67
28,396
90,1
16,511
25,431
6,926
32,253
29,120
63,271
78,517
5,260
34,572
85,375
35,252
64,154
84,20
22,377
73,342
15,350
77,88
45,574
80,356
38,896
13,505
66,560
27,111
49,905
2,227
72,354
25,14
31,365
52,639
90,380
42,569
57,746
95,687
87,92
7,386
34,591
48,135
44,33
55,397
95,135
81,475
84,207
97,689
33,105
24,20
6,909
25,391
45,255
33,664
42,554
58,346
12,6
74,480
82,160
18,679
80,364
10,310
37,488
13,820
92,343
97,390
9,429
18,829
2,60
13,251
65,874
12,818
71,167
3,313
99,72
72,624
63,810
83,82
77,791
39,11
37,966
60,310
22,846
63,324
47,848
62,490
20,48
12,142
13,155
74,57
68,110
44,195
45,540
41,595
75,780
8,394
73,769
89,182
22,441
28,426
50,980
49,220
61,328
49,354
78,966
61,687
8,898
21,903
82,30
5,506
30,4
97,416
52,0
34,871
18,609
2,153
78,655
59,850
38,651
80,62
41,684
85,610
2,89
84,40
64,658
19,175
13,203
84,600
9,792
41,834
94,751
22,215
92,554
19,367
34,650
29,916
94,325
91,747
56,283
19,792
58,231
47,323
79,382
64,25
79,518
46,869
89,444
92,930
75,966
65,996
76,607
91,893
15,800
14,605
28,289
29,933
57,706
24,664
6,959
97,43
96,873
41,910
98,849
7,374
30,54
98,817
64,131
74,16
73,958
88,675
27,628
16,216
98,327
12,448
91,353
64,337
34,561
83,834
3,575
9,230
46,553
56,869
37,142
89,924
68,637
36,329
16,199
32,469
60,804
6,693
12,917
97,465
18,854
30,60
48,860
96,370
22,741
26,85
78,58
45,147
78,284
62,175
4,720
50,382
8,709
90,776
97,445
40,354
73,485
71,78
97,666
63,922
23,299
10,417
14,428
29,678
31,675
68,882
60,174
36,910
83,770
72,450
5,709
81,333
61,605
97,134
58,757
59,870
10,210
42,597
61,949
3,672
65,22
15,736
79,527
40,496
55,431
22,263
17,953
14,803
41,998
82,33
95,274
1,152
61,467
90,997
30,655
45,525
9,288
49,577
91,604
95,514
84,467
20,394
96,508
30,669
95,117
76,247
98,713
86,70
81,46
33,348
70,693
34,520
31,700
18,115
34,427
40,385
31,931
68,8
34,29
59,284
6,82
71,772
77,441
96,153
74,511
60,421
53,863
77,682
47,41
51,461
14,477
98,222
2,598
58,904
47,589
6,615
14,840
1,259
55,691
0,474
99,318
8,576
92,432
17,260
10,960
61,131
95,212
6,233
93,906
17,498
38,838
84,620
62,384
3,372
43,129
85,301
19,569
49,705
38,57
85,904
73,465
6,44
31,830
36,716
73,613
37,219
61,930
47,881
87,483
29,208
8,753
97,799
29,743
40,451
18,869
59,883
54,416
73,920
95,463
3,751
88,177
37,921
74,289
19,810
24,214
47,480
51,596
24,514
21,762
7,410
3,532
1,281
82,43
97,707
96,645
10,689
75,839
50,207
99,20
76,841
97,732
16,336
63,860
79,925
11,950
34,179
53,752
82,444
78,635
18,174
1,509
67,744
23,260
1,625
40,865
70,811
20,662
82,829
80,547
38,433
9,564
14,406
8,409
66,281
53,651
63,716
1,496
33,850
81,279
23,555
27,832
13,559
57,501
56,647
61,467
25,784
49,494
78,871
9,200
77,421
34,690
38,66
8,483
19,879
99,385
26,262
94,357
38,413
54,27
75,64
20,831
31,209
32,443
92,870
65,191
10,711
33,360
95,414
51,340
96,998
90,487
91,348
31,549
78,926
19,567
42,438
37,67
4,800
89,477
92,74
63,323
34,902
30,190
40,485
95,184
95,221
87,474
80,356
54,209
96,73
3,497
76,926
94,719
16,79
97,728
41,695
14,406
46,833
34,861
23,41
52,521
97,407
94,210
3,446
72,495
76,716
50,988
74,502
5,35
91,211
4,604
3,79
21,310
31,474
96,338
6,989
66,916
58,470
69,577
92,854
35,748
87,104
12,185
42,613
33,25
31,181
44,113
93,489
69,485
45,884
11,582
73,97
96,612
12,680
65,347
9,297
72,804
12,326
37,388
99,986
91,840
5,73
23,723
53,255
49,308
50,117
97,726
81,644
15,315
25,431
8,876
36,899
79,240
16,948
78,587
95,816
70,366
9,839
21,111
9,695
