47,5
19,471
26,94
10,707
76,694
94,288
31,277
53,637
76,148
74,792
63,168
78,149
96,362
10,889
5,852
74,552
92,498
42,113
57,332
21,195
72,213
58,301
12,185
82,486
90,36
3,585
97,57
36,264
29,990
19,609
12,790
58,670
86,303
6,926
16,651
87,311
90,342
69,904
96,160
39,679
33,282
78,339
16,40
66,19
5,515
38,550
93,633
9,816
69,756
3,27
9,431
38,23
88,842
5,857
49,798
58,986
97,737
48,339
37,962
83,741
97,279
96,566
37,478
52,290
66,428
72,521
78,674
66,261
7,467
62,283
51,83
51,192
23,716
99,436
53,851
17,271
68,365
56,395
94,672
66,390
20,761
87,567
67,870
16,854
38,200
58,107
19,864
88,646
61,749
30,816
87,816
13,472
85,685
10,279
7,873
92,816
70,770
80,538
30,913
37,985
26,107
38,154
63,527
20,937
80,11
81,850
45,694
84,661
13,402
57,800
29,425
16,27
80,342
70,413
37,979
50,124
10,803
88,504
70,248
87,515
28,236
73,246
94,573
71,933
79,765
10,761
30,646
31,239
42,863
48,515
20,422
44,980
59,723
9,694
35,632
8,64
75,642
79,917
91,411
79,14
41,249
59,298
57,985
8,811
45,334
70,673
6,177
64,28
72,949
58,248
5,413
88,981
28,295
31,355
39,791
66,855
22,403
54,388
57,776
87,630
49,92
93,811
18,666
67,63
90,734
98,573
46,477
90,744
51,676
15,353
39,329
50,112
68,315
7,883
21,652
51,690
63,213
0,844
43,436
59,578
14,401
98,291
1,901
56,770
96,703
78,870
45,880
58,411
52,953
96,453
63,818
51,321
85,693
49,333
80,11
72,1
39,441
79,925
72,476
42,270
17,745
70,557
86,195
45,340
4,0
7,917
30,240
47,871
67,635
91,743
94,213
69,580
22,971
70,565
9,258
26,140
29,91
6,580
77,685
56,641
37,916
25,966
23,440
59,78
0,218
57,631
73,542
49,173
75,453
65,131
34,679
76,729
89,733
32,949
69,718
9,498
84,716
87,626
64,810
96,879
55,845
95,475
94,32
21,605
51,275
23,116
34,317
90,898
53,394
0,722
33,33
84,194
32,306
8,990
84,528
84,191
14,761
29,650
15,980
16,913
17,280
16,889
77,839
1,487
52,276
27,724
21,383
85,932
28,790
2,828
29,811
75,477
5,476
49,260
64,397
4,458
82,446
34,139
37,205
39,7
3,646
85,294
53,892
31,473
86,580
88,946
65,198
92,40
48,606
25,545
60,468
82,511
88,651
67,883
32,194
48,392
47,373
45,664
57,233
4,124
9,878
40,732
73,295
25,760
72,982
8,716
91,649
62,342
22,458
81,533
40,241
83,351
13,513
91,757
22,456
48,0
26,818
66,286
88,350
64,409
47,186
55,822
51,793
61,80
90,452
25,418
44,550
9,412
8,584
76,303
17,351
47,329
97,850
77,777
80,658
64,479
67,668
8,99
13,939
51,872
84,581
34,276
84,99
71,3
44,687
57,757
90,354
52,146
49,887
69,424
93,923
38,815
93,329
84,7
10,227
50,441
20,938
65,360
52,234
98,565
31,797
12,252
16,11
60,871
29,836
86,839
78,607
14,136
12,441
13,717
55,140
42,252
42,496
37,860
41,446
36,797
2,536
31,979
82,56
65,39
98,126
87,525
21,740
32,101
75,599
21,51
72,302
6,703
73,470
85,766
45,602
25,485
30,801
77,818
78,341
38,656
74,642
17,735
93,580
30,55
16,861
87,512
93,382
73,905
66,119
8,689
86,569
21,888
74,546
14,643
43,609
70,687
29,378
33,284
75,257
71,360
23,922
83,641
70,703
2,324
12,337
34,684
68,863
55,496
63,671
87,38
3,1
65,419
67,972
76,5
32,823
91,367
68,818
15,121
52,983
97,698
60,45
96,240
73,836
53,715
83,68
54,642
96,570
27,728
14,222
14,446
31,533
9,156
10,867
72,92
51,107
71,796
91,72
83,785
41,134
32,201
5,654
17,637
92,619
12,939
56,133
24,814
19,530
20,8
52,97
94,857
15,274
11,441
86,793
64,769
42,840
39,927
24,550
14,637
38,460
55,469
32,746
1,693
35,932
66,870
70,206
4,932
45,630
20,393
44,401
87,272
78,721
96,99
35,762
37,903
5,506
77,867
72,853
55,503
99,444
84,11
72,838
1,883
35,37
62,104
58,365
39,106
24,637
58,650
26,796
94,959
67,610
65,579
83,593
75,637
55,706
22,557
45,623
6,105
67,575
52,80
98,883
96,758
1,696
84,666
98,363
5,544
88,657
84,626
62,738
86,907
83,820
17,633
22,157
87,26
85,245
14,671
8,40
59,4
58,160
81,489
42,834
89,21
31,268
28,282
20,902
33,931
45,753
44,471
95,183
47,909
99,839
83,857
38,119
43,745
8,377
82,691
98,111
10,875
85,148
33,392
47,377
61,113
79,913
58,754
48,998
21,154
45,760
87,588
58,508
74,778
73,617
73,321
15,837
81,447
58,389
2,178
82,761
77,495
82,804
46,558
26,461
15,540
54,319
10,238
96,391
21,612
25,919
19,257
17,886
59,778
32,707
0,42
54,358
1,282
40,650
77,495
17,347
11,646
7,387
98,635
72,111
86,437
92,174
65,567
31,447
10,698
20,456
50,606
65,258
78,306
20,178
90,880
75,484
42,595
4,692
77,123
17,34
88,459
61,250
4,562
34,774
34,712
95,710
3,664
0,18
85,682
95,441
24,545
70,316
49,370
12,170
53,588
99,901
85,948
47,739
13,805
13,244
68,466
31,200
64,889
19,487
41,847
64,891
35,842
69,35
79,425
58,964
72,267
35,581
96,815
78,687
96,802
40,486
66,841
24,500
65,679
95,399
58,337
66,350
10,510
93,447
3,762
29,868
76,876
7,217
52,46
12,229
82,775
72,131
47,535
3,630
86,822
43,937
84,609
99,425
5,628
18,161
93,295
21,288
79,495
44,612
61,550
41,160
70,584
23,624
10,15
39,57
56,999
59,969
9,754
1,74
6,408
94,100
85,311
99,213
57,735
43,173
60,108
80,878
98,107
44,78
82,71
23,506
34,811
29,586
91,663
44,544
94,700
52,951
66,641
41,840
74,853
98,808
70,475
85,0
96,57
19,58
74,117
51,113
19,456
18,835
68,651
62,850
94,620
30,480
91,903
51,777
71,308
11,433
3,787
85,158
16,454
2,757
0,746
63,129
55,118
2,109
50,774
31,291
47,94
81,197
22,325
30,571
74,926
7,309
60,267
60,390
85,965
95,714
13,52
77,182
39,964
20,822
48,131
15,209
78,925
73,351
73,168
46,893
38,557
64,150
52,238
91,280
35,617
22,238
99,363
89,487
49,609
0,487
91,832
83,979
49,436
34,861
44,504
65,459
95,691
80,66
81,618
70,187
67,52
21,763
39,187
59,925
43,70
61,239
36,635
91,954
61,92
45,515
70,790
24,516
29,575
82,207
52,806
5,642
52,324
90,534
80,894
8,591
56,528
62,774
10,777
26,672
82,993
62,700
25,787
52,602
16,768
77,47
37,688
68,751
96,718
21,347
34,830
40,721
52,304
5,542
27,542
60,937
46,116
27,269
48,668
55,289
43,247
50,393
82,155
84,608
34,808
53,175
87,598
92,914
88,418
21,653
13,396
90,882
56,219
37,338
44,511
68,559
12,62
3,215
61,320
31,774
37,457
83,245
97,908
4,979
84,556
50,195
29,842
94,821
88,980
14,574
14,773
78,576
68,129
94,396
64,352
5,65
18,865
25,474
6,759
55,389
75,734
28,561
64,657
83,244
22,841
11,569
68,518
68,78
97,708
70,667
91,209
80,55
31,796
41,222
67,554
4,217
40,533
28,594
48,335
47,37
49,22
25,802
86,10
2,318
77,582
0,115
57,88
75,305
90,977
46,495
3,230
33,974
59,553
53,95
14,632
24,884
86,121
40,241
82,381
93,425
66,425
55,651
65,554
49,623
4,26
90,473
5,455
63,830
62,828
57,640
39,572
78,83
65,784
38,647
36,834
28,221
0,702
42,957
72,469
4,93
1,797
55,537
8,949
87,762
74,768
12,610
95,774
78,49
79,811
66,481
10,796
66,133
29,788
6,962
19,739
72,49
92,779
23,322
3,545
49,476
61,414
90,476
44,582
60,869
46,391
93,763
84,484
84,447
11,567
4,972
83,56
34,646
45,647
47,87
60,607
25,849
99,554
56,807
36,792
89,207
82,846
34,916
57,839
42,402
4,18
70,5
3,866
7,605
46,657
21,910
60,578
28,813
26,346
30,572
26,838
68,19
92,64
65,933
85,256
52,586
54,466
87,649
99,860
36,845
95,193
28,363
79,675
36,11
30,109
94,98
47,478
95,975
77,170
40,170
86,977
20,690
53,852
25,564
25,947
20,332
76,59
11,520
21,359
27,465
84,726
53,436
29,857
54,66
75,511
53,39
58,77
19,256
1,430
2,745
1,264
85,905
79,777
27,580
81,265
13,487
4,959
59,589
37,227
8,115
49,375
33,873
50,765
89,635
2,644
6,927
82,595
8,329
30,62
35,878
93,165
67,917
34,34
63,431
77,133
47,919
25,523
83,387
51,858
90,636
18,712
39,986
61,648
67,58
96,979
13,650
95,20
20,537
13,277
24,879
85,734
56,26
99,541
96,201
84,532
49,545
88,633
8,612
91,775
43,276
40,323
59,117
21,734
28,776
33,854
22,846
64,709
16,14
9,918
7,732
97,48
57,483
41,105
62,508
23,445
64,376
10,369
46,894
69,237
6,426
52,709
24,581
43,95
99,830
41,404
43,376
28,190
0,656
75,391
55,689
56,984
28,781
20,329
83,752
5,671
23,205
14,755
61,415
83,157
7,608
36,364
89,861
65,222
45,213
56,644
11,456
86,159
12,248
39,683
38,267
73,381
43,999
47,476
74,555
32,258
44,467
18,715
23,567
59,648
89,161
34,573
78,608
94,204
39,11
78,592
19,103
14,250
57,522
22,337
34,181
9,684
27,871
33,57
34,46
13,684
26,689
63,523
22,20
35,346
46,359
89,758
34,637
42,455
2,790
67,154
28,673
24,710
96,248
10,102
68,795
79,599
38,261
9,98
36,354
97,482
64,923
31,752
10,363
33,881
42,169
12,371
83,497
59,324
30,917
3,524
32,731
73,146
39,282
77,898
38,615
50,813
99,864
17,179
90,549
96,504
70,975
3,611
88,226
84,245
5,55
45,546
85,601
1,533
93,676
51,201
48,886
22,926
92,415
54,752
31,456
12,53
1,448
62,489
72,904
34,695
79,316
52,798
94,927
13,1
61,43
41,68
31,705
28,264
15,212
38,677
93,495
7,162
16,926
25,17
62,428
6,854
97,765
39,333
58,696
27,959
58,375
9,136
45,288
63,383
2,225
23,143
86,540
82,642
77,578
11,405
73,931
51,475
76,670
81,102
10,111
24,159
52,803
40,702
49,92
14,317
50,557
79,713
32,832
13,364
98,383
75,998
1,72
17,474
22,155
17,730
7,647
36,155
15,405
49,49
18,553
29,553
72,209
98,950
8,928
73,30
83,597
21,948
7,192
92,72
4,862
68,579
24,891
96,373
20,477
5,386
73,617
24,84
66,493
38,770
99,478
33,336
73,167
13,705
55,290
2,983
68,275
4,598
30,277
87,22
1,866
66,91
93,802
85,447
35,110
19,913
58,209
16,12
55,472
53,590
30,445
60,777
71,450
80,397
73,622
75,328
93,15
99,927
86,927
91,327
14,329
22,868
93,449
54,50
86,205
18,860
10,448
30,639
86,758
80,998
85,675
90,490
22,722
53,192
75,876
76,313
64,587
40,530
27,726
71,475
73,458
74,631
35,817
73,487
62,123
54,465
98,907
44,672
17,918
27,690
95,489
64,482
94,340
61,355
34,698
62,503
36,231
70,351
84,589
67,537
87,810
59,364
81,227
1,900
38,157
79,53
75,961
75,411
13,320
35,136
79,723
77,168
80,161
82,162
5,240
21,110
75,445
91,587
59,643
51,653
52,566
21,209
40,606
91,410
34,542
27,2
81,390
65,502
52,432
49,286
16,209
32,938
27,460
49,584
25,454
69,534
82,71
81,77
76,272
33,491
15,222
64,839
87,215
59,795
38,592
4,504
11,540
76,605
98,264
48,291
1,971
40,316
98,821
62,219
46,34
61,592
9,549
32,183
87,241
32,189
59,984
66,151
24,114
47,89
72,178
6,246
32,877
97,761
29,91
21,740
18,752
15,837
54,698
92,333
17,356
89,222
63,520
87,447
77,695
98,900
58,762
11,212
43,728
38,98
1,654
63,852
0,976
10,776
61,621
48,464
4,48
44,0
45,526
30,114
45,114
44,433
24,652
56,609
88,899
74,630
52,93
21,880
97,107
80,988
25,613
10,812
36,421
94,801
7,106
22,657
43,66
76,739
70,597
0,35
36,92
26,244
85,846
70,243
44,293
88,914
38,392
9,673
71,34
35,481
73,612
39,119
76,389
81,931
64,303
97,590
38,21
83,545
14,762
79,855
5,984
89,582
47,756
35,146
94,405
29,463
0,519
95,88
1,958
31,75
95,364
1,997
64,828
96,279
50,142
98,824
78,372
12,271
99,861
14,586
99,704
40,590
81,186
60,770
64,381
76,418
92,843
35,756
82,919
61,846
20,75
81,999
9,791
40,990
93,737
21,682
16,664
0,222
25,909
44,239
43,824
16,977
92,462
19,454
21,310
37,129
94,859
4,493
25,822
14,232
98,875
70,773
29,371
45,996
9,666
9,465
51,663
62,385
47,437
59,379
86,963
29,258
63,729
20,893
95,821
54,723
56,537
69,250
0,714
93,688
63,548
44,959
60,411
8,250
36,442
81,496
40,267
30,815
24,313
11,825
98,156
30,623
15,571
4,703
3,297
87,391
75,802
15,19
31,67
98,865
13,692
77,914
60,209
13,26
72,906
2,353
36,613
18,304
87,843
99,451
68,994
48,211
0,594
39,571
7,928
28,653
43,598
97,99
61,491
93,692
7,54
94,922
59,243
16,270
60,500
37,846
35,969
14,861
61,690
50,888
6,360
2,170
6,334
53,192
17,698
8,415
21,641
64,461
65,563
2,97
34,271
49,384
94,90
65,659
66,554
74,194
59,663
99,528
89,150
80,11
60,799
71,693
42,577
98,945
35,645
84,691
68,305
82,179
58,57
7,559
11,105
15,188
22,423
20,602
22,735
58,165
49,818
25,710
9,276
47,334
81,348
29,179
39,134
17,929
85,121
81,970
88,738
90,559
76,161
8,803
15,268
19,464
37,237
37,603
29,149
35,786
36,392
38,954
36,123
40,72
79,996
90,361
14,592
82,419
23,675
45,286
7,3
31,379
2,151
19,306
73,482
57,600
24,964
27,249
61,324
53,195
79,889
60,275
11,709
8,258
13,118
19,524
61,785
63,50
74,708
97,435
74,999
88,425
41,970
24,852
60,457
0,388
27,207
68,1
44,270
9,640
95,763
68,660
73,365
91,529
69,334
55,852
75,499
41,280
51,886
47,879
40,426
7,75
89,729
33,863
80,556
73,758
92,392
29,405
61,729
16,154
77,389
72,480
15,921
9,304
39,507
57,243
1,584
56,489
53,351
27,38
62,185
10,346
64,188
5,1
97,344
65,124
95,749
30,388
6,756
0,343
85,45
60,123
6,375
29,40
54,586
59,751
36,878
97,483
23,39
26,787
6,501
33,735
88,907
18,746
37,88
45,355
77,519
32,674
66,242
42,560
43,136
54,870
67,363
63,286
47,24
14,873
3,322
43,765
49,776
34,857
49,684
85,125
49,855
46,552
27,548
36,557
37,53
37,169
78,117
48,127
67,277
66,443
14,852
76,187
33,500
74,450
59,148
0,307
37,41
7,772
71,154
62,704
11,141
55,215
8,308
68,792
54,598
63,84
1,360
85,888
40,371
91,532
5,883
11,445
29,582
4,190
77,523
77,605
13,477
36,588
46,93
83,147
33,536
25,290
32,557
17,120
58,259
28,295
68,548
12,377
53,848
43,421
26,11
30,197
29,61
70,1
87,938
59,697
64,206
80,686
59,397
20,376
33,644
31,729
75,493
8,626
25,407
19,169
32,186
53,721
95,983
67,329
20,584
92,570
51,271
8,409
8,411
88,420
47,240
89,53
24,649
28,133
77,904
32,576
97,352
35,347
34,504
84,948
29,290
59,785
33,668
88,680
46,995
4,342
60,814
8,380
43,593
72,807
50,422
32,345
83,433
7,716
56,548
97,705
44,806
72,895
7,649
27,227
43,87
16,747
12,556
62,142
38,362
70,495
42,502
34,115
23,302
71,621
83,789
87,715
5,94
44,705
98,78
84,62
39,658
23,686
13,295
1,759
94,308
38,4
36,389
92,30
84,165
39,32
39,858
90,78
23,762
37,830
26,127
22,861
67,552
91,198
57,34
9,639
91,549
62,244
8,392
46,208
58,921
13,423
97,94
78,943
27,210
93,606
67,858
18,442
2,96
94,748
34,126
63,64
94,325
85,101
76,797
55,166
66,335
80,35
33,197
10,301
36,48
76,935
14,15
87,725
45,313
33,192
29,72
58,749
53,606
19,647
29,92
90,332
17,255
34,431
33,475
3,559
76,603
85,229
3,136
34,954
85,737
15,403
3,906
7,251
67,529
47,999
76,372
35,772
41,690
84,897
6,248
68,314
5,984
57,274
36,210
36,59
15,307
53,239
46,553
22,458
52,824
13,0
14,350
96,733
53,199
25,485
82,909
45,120
21,302
85,28
70,115
