57,198
21,277
25,118
69,137
57,13
37,596
36,726
9,805
38,277
97,335
96,314
83,878
78,498
71,13
65,286
76,952
37,891
43,403
73,157
12,459
12,703
43,415
58,299
40,293
84,40
73,184
48,301
83,144
61,9
25,255
94,216
0,287
89,660
80,903
31,861
88,439
20,845
54,286
69,393
39,912
85,894
95,943
70,762
83,552
13,298
19,670
96,309
99,385
85,419
22,604
68,966
61,612
2,307
72,232
96,28
5,907
93,928
51,68
68,116
2,720
93,758
50,960
31,407
15,95
87,596
69,787
23,242
46,3
92,868
10,719
78,774
81,363
47,159
38,329
93,854
38,512
68,436
58,680
21,957
45,406
17,361
99,399
90,826
39,551
18,713
78,923
14,670
90,414
15,784
83,92
4,846
6,960
97,643
5,443
96,574
86,189
87,391
77,448
96,830
73,144
92,97
53,15
13,253
85,525
41,571
76,897
18,446
18,666
76,688
89,170
88,88
51,981
91,630
29,235
64,806
72,213
33,804
64,864
46,7
71,958
16,71
59,584
86,824
71,384
59,209
99,130
72,968
26,868
44,990
56,374
66,369
32,561
36,178
29,642
41,459
33,482
95,909
28,15
59,847
59,158
43,404
99,682
46,817
8,872
72,720
36,186
10,917
63,613
72,26
35,963
67,605
6,495
45,113
87,717
60,851
85,104
73,18
56,100
90,848
14,596
54,778
21,217
99,870
98,951
76,785
29,896
65,626
55,257
65,893
91,997
59,84
10,597
36,959
12,350
11,747
76,974
82,178
48,805
72,970
52,569
0,982
17,215
93,560
90,260
41,197
99,427
35,335
80,123
28,563
13,34
86,401
10,806
6,197
17,886
31,280
81,489
54,11
24,816
29,489
30,76
3,415
47,447
0,889
93,973
53,67
80,637
3,474
73,241
89,346
99,178
69,588
13,265
42,790
74,619
32,702
15,618
37,566
22,632
79,559
32,490
30,422
95,128
45,258
7,58
81,492
93,28
91,991
67,709
92,869
23,550
77,611
34,58
28,508
36,969
48,53
84,347
58,991
59,56
87,11
82,282
76,699
29,452
91,306
13,584
55,538
25,154
19,138
79,259
37,752
4,43
69,575
99,474
49,809
56,553
69,333
89,185
78,125
31,565
11,389
33,290
30,361
86,186
95,750
2,405
7,38
83,630
37,20
70,793
53,205
57,894
1,638
63,197
30,811
62,118
76,6
71,713
94,807
86,226
30,204
78,74
51,932
8,532
37,435
28,767
81,684
79,895
39,653
27,681
66,108
17,720
2,321
5,262
41,237
61,401
65,224
74,666
94,698
3,550
98,796
91,465
53,104
1,772
2,819
75,175
55,632
74,970
88,962
92,796
85,790
93,405
41,38
13,30
33,23
24,7
89,657
7,709
93,885
85,212
71,708
88,664
51,654
86,527
76,715
84,476
71,836
61,933
82,738
20,220
62,387
92,332
12,393
14,813
78,549
9,344
23,359
28,799
78,593
53,716
79,372
73,200
32,28
89,962
61,855
62,467
29,477
34,128
10,361
63,289
71,641
45,357
15,416
69,244
27,121
45,766
24,759
65,865
16,154
82,366
88,52
87,501
25,562
5,880
27,592
4,366
52,921
76,649
41,205
87,933
96,983
72,425
69,0
11,779
27,885
41,996
95,278
76,209
86,962
35,121
73,135
76,334
44,588
27,312
30,970
36,299
99,425
25,422
25,200
2,667
38,739
85,941
98,726
13,837
53,138
32,310
3,141
86,360
27,403
18,330
59,666
6,521
18,664
13,255
84,906
54,62
58,971
14,917
61,433
93,41
42,441
88,397
72,371
89,248
77,782
23,122
29,850
88,534
26,681
79,272
94,45
33,236
81,920
74,455
97,585
77,647
36,396
4,180
68,87
82,537
2,79
46,393
44,936
34,292
45,610
54,949
90,354
8,247
0,195
78,218
35,194
9,475
8,128
21,497
49,530
26,45
99,381
19,434
38,506
71,612
69,835
1,335
25,9
65,34
25,698
10,43
43,556
61,442
26,259
90,476
96,818
28,338
0,467
2,666
46,546
71,388
12,592
57,494
90,612
23,552
90,139
93,143
84,476
26,917
1,867
15,894
24,656
71,808
63,80
92,58
41,568
64,385
93,987
90,814
64,845
55,577
81,818
75,884
47,215
70,617
63,819
1,895
83,200
63,307
88,665
55,407
76,364
69,76
5,293
34,202
89,768
47,337
61,861
17,410
84,877
92,787
91,637
49,581
13,500
18,719
65,672
90,528
45,378
77,369
15,32
29,774
88,791
56,322
63,491
0,32
3,166
97,942
69,454
57,372
59,110
64,157
12,481
35,907
75,335
52,911
86,341
84,515
15,377
86,460
92,803
82,651
8,830
18,661
51,739
95,915
6,536
85,871
55,474
25,685
32,208
40,235
15,61
90,809
56,793
97,901
67,698
74,805
70,894
87,234
95,964
31,636
75,204
37,43
94,576
49,156
71,461
85,852
53,183
6,998
98,784
76,883
2,93
88,609
46,41
21,624
60,958
9,717
94,23
44,553
65,808
16,105
39,528
66,788
2,618
65,552
2,56
53,106
53,369
84,727
58,872
46,18
40,184
99,35
20,509
83,514
69,45
16,16
35,996
0,638
7,733
30,259
36,182
49,843
61,430
56,585
36,39
16,874
97,715
7,45
67,85
57,539
55,288
67,705
77,392
17,936
31,453
85,335
17,180
35,461
80,125
16,287
58,413
34,699
77,772
86,469
26,174
74,466
59,990
4,838
76,451
46,916
97,838
97,859
10,420
56,415
79,337
18,345
79,980
59,961
71,22
65,908
74,385
27,724
16,724
57,854
42,100
55,404
65,10
88,537
90,576
66,301
60,92
34,178
87,515
82,133
93,178
32,357
44,289
57,500
58,338
32,208
19,710
86,193
28,307
92,590
48,627
71,641
6,257
77,853
2,164
77,767
67,899
53,823
94,828
57,968
55,620
15,589
36,752
42,580
77,950
92,741
90,80
53,345
95,459
86,517
16,737
45,112
55,220
46,933
96,496
63,846
17,757
17,780
80,365
70,702
36,185
85,702
69,492
92,416
73,69
77,699
44,169
46,697
24,846
62,369
52,984
38,375
66,24
38,323
16,241
92,918
21,839
99,334
29,435
36,840
48,876
36,230
32,280
13,980
82,177
85,339
97,652
74,48
52,789
74,873
33,465
47,266
55,431
0,670
22,618
66,20
30,759
48,748
2,530
7,395
83,879
92,796
42,429
30,767
52,271
9,213
33,586
53,706
67,218
18,540
11,526
94,12
78,928
67,439
77,703
77,416
39,446
62,548
32,234
19,254
96,456
39,894
31,593
74,474
53,894
27,262
73,12
76,361
64,698
15,425
53,876
61,310
99,766
31,221
65,931
5,613
59,970
81,0
30,108
73,670
79,629
55,427
92,91
13,420
30,224
3,235
17,923
16,318
61,836
34,877
98,263
92,259
1,756
33,558
87,406
94,21
6,685
66,526
21,266
1,415
9,914
50,783
18,622
38,475
43,527
58,224
20,303
9,400
61,541
61,778
9,808
98,677
38,558
68,281
3,350
45,952
59,760
31,916
91,795
35,84
71,134
85,840
52,82
82,729
99,847
97,708
98,688
61,772
51,88
38,367
38,977
92,522
68,810
87,13
28,907
2,830
72,614
50,50
95,543
78,832
58,379
98,212
12,943
7,436
37,420
93,803
23,80
6,380
95,886
78,245
15,261
0,269
91,88
0,375
46,671
11,298
89,625
26,890
7,647
23,799
57,191
58,504
14,182
53,404
89,440
46,737
8,732
58,398
0,978
91,320
99,565
38,760
97,273
63,984
14,323
12,280
60,409
5,246
76,153
42,338
33,418
87,495
81,60
86,304
27,95
61,835
29,847
57,316
29,507
51,396
0,323
67,731
9,888
13,548
99,378
62,735
78,684
63,287
33,597
65,147
58,497
83,724
17,921
59,209
60,922
37,694
19,426
12,890
98,805
78,992
17,180
42,420
49,250
7,790
21,61
73,624
94,214
13,251
73,786
98,800
63,825
12,559
92,552
94,668
44,984
45,775
59,263
96,493
45,526
15,264
83,178
55,63
93,439
73,219
78,694
3,834
24,253
82,830
30,516
50,917
10,355
27,860
61,317
50,132
70,795
38,781
33,266
80,502
53,997
52,595
61,762
36,565
19,884
22,983
75,806
44,213
61,612
33,901
14,585
77,183
53,189
38,448
55,534
21,935
18,730
7,154
88,910
36,222
55,233
86,462
71,764
58,742
54,167
38,978
19,781
34,431
54,856
65,329
27,294
92,532
85,636
17,892
22,455
29,63
66,162
33,819
5,931
50,731
10,647
94,645
40,753
22,773
55,79
72,192
11,940
79,263
19,975
60,339
4,614
81,976
0,128
98,764
56,894
1,141
10,838
78,665
79,529
22,579
0,341
73,856
88,823
85,937
80,1
72,910
29,704
28,790
17,426
62,564
49,459
15,124
39,246
57,610
81,746
48,283
6,667
43,980
76,333
70,186
32,778
90,556
64,850
69,279
29,642
53,859
40,731
81,635
22,963
79,892
60,204
28,152
73,632
82,519
1,420
20,412
22,392
47,340
26,240
77,879
63,983
42,329
43,238
38,345
54,341
50,337
92,779
28,819
94,501
97,566
56,877
45,322
84,675
1,518
87,546
4,237
47,508
44,30
28,738
38,114
95,470
96,343
38,758
4,217
69,188
63,149
85,394
66,991
26,742
47,550
22,274
82,149
89,630
49,665
3,66
78,463
18,759
99,478
70,939
92,4
93,5
10,53
9,362
68,737
22,328
37,930
75,885
40,994
28,573
4,267
69,412
88,956
22,59
35,561
70,929
45,217
48,178
28,770
81,802
47,61
34,266
68,714
90,28
23,443
32,477
14,905
11,417
16,569
13,332
75,417
90,245
54,534
96,114
58,948
6,223
33,702
20,508
47,938
13,497
89,780
30,150
20,209
1,71
61,705
18,203
28,436
80,278
50,842
13,685
64,230
13,193
16,951
47,129
42,439
86,765
58,845
28,920
58,846
38,70
80,878
54,964
11,176
44,874
95,606
42,935
77,868
92,326
57,756
23,756
0,376
37,608
84,866
93,622
80,222
57,135
93,891
63,994
89,255
11,339
49,653
70,52
80,443
43,246
93,648
35,144
71,125
92,690
69,890
55,137
59,892
87,224
83,502
19,139
43,300
7,446
79,915
41,28
69,406
34,344
19,184
44,313
68,80
77,640
9,677
49,17
55,292
21,690
9,676
57,306
77,940
45,757
79,26
70,687
89,748
56,816
54,679
44,349
71,15
0,207
67,670
19,290
62,964
26,618
82,477
7,873
78,407
1,305
20,507
89,309
26,786
90,77
35,200
36,408
62,283
32,618
60,734
19,783
69,14
48,280
77,680
5,168
22,965
60,338
87,422
45,508
39,513
47,628
99,341
17,347
65,211
15,363
28,400
74,908
37,786
86,929
2,143
94,194
25,971
59,111
2,424
91,168
97,413
7,282
35,405
80,270
58,700
44,17
25,538
24,493
11,695
95,252
77,334
41,530
45,405
93,414
76,90
59,540
1,47
71,842
99,268
78,242
27,299
54,248
20,203
60,214
89,703
47,139
13,245
43,601
83,240
54,416
14,511
97,191
43,719
51,643
61,805
31,92
11,960
43,362
85,155
37,613
99,701
49,823
59,91
17,478
14,836
51,606
34,13
29,646
32,724
52,178
43,857
71,353
83,238
68,675
55,349
67,335
9,519
28,878
17,139
98,917
36,669
65,229
35,618
71,432
72,749
74,286
25,220
73,736
49,560
63,655
58,44
72,169
6,213
44,596
33,682
48,461
0,876
69,807
84,102
41,531
44,529
85,463
32,961
58,384
25,916
89,94
25,907
78,422
43,63
26,6
69,823
52,295
96,176
15,141
27,660
84,17
29,605
10,368
88,815
92,912
59,519
28,892
95,735
75,139
45,348
29,612
17,431
92,502
90,394
99,73
10,433
73,861
40,978
1,132
78,388
54,93
4,444
76,580
3,859
92,72
28,330
39,808
89,511
13,542
34,335
97,270
72,911
55,192
70,853
70,214
38,434
83,715
28,899
11,457
65,52
67,929
4,472
38,225
16,841
1,895
33,709
90,365
63,104
75,295
67,856
46,635
92,164
87,523
32,893
4,48
48,283
91,523
50,315
0,468
61,334
85,107
14,211
64,884
58,824
48,434
84,591
36,528
18,788
24,453
27,778
19,298
17,23
46,183
28,617
5,995
5,128
41,518
18,511
6,656
4,585
65,829
37,221
81,111
25,641
93,970
43,125
36,838
69,928
61,423
13,587
1,856
63,331
53,900
14,261
77,967
2,533
47,654
7,369
63,361
35,955
35,461
71,734
57,39
35,661
4,645
57,905
11,216
75,992
35,967
11,44
33,563
27,490
89,321
58,955
34,853
24,919
43,435
99,0
49,209
57,742
48,32
66,240
13,277
55,541
8,42
82,363
57,555
50,882
45,201
0,754
98,687
53,879
92,305
78,915
96,497
15,392
0,106
65,292
43,998
45,946
30,533
31,680
49,992
44,844
4,281
96,819
89,742
51,508
11,327
30,47
21,470
31,395
94,657
92,729
98,39
67,476
98,130
28,176
16,83
80,288
76,664
72,754
70,352
38,493
66,552
19,869
21,185
43,1
71,303
64,778
10,878
0,750
41,462
51,748
46,606
46,961
77,756
94,121
31,111
25,490
79,343
4,726
46,499
27,98
82,739
70,492
27,229
2,909
25,42
68,336
60,138
91,324
5,9
85,436
7,658
43,120
1,189
47,172
23,263
67,310
86,382
14,262
83,462
63,675
77,871
55,380
2,761
41,695
73,973
69,98
97,270
4,13
93,734
49,819
6,25
70,293
84,791
77,44
69,655
74,51
26,853
75,424
34,104
16,247
18,426
89,372
93,464
91,795
5,828
77,785
65,549
86,864
42,820
50,826
68,382
66,405
6,998
71,314
17,111
7,920
13,529
76,642
49,904
30,120
84,352
13,226
87,484
32,238
19,846
70,839
7,129
30,298
99,40
62,868
29,355
8,251
35,737
32,200
40,232
58,651
27,306
48,858
98,382
14,851
63,28
99,898
92,236
43,737
2,990
6,529
81,351
3,882
31,997
85,429
35,544
40,574
5,380
13,883
50,23
53,276
57,417
5,747
2,288
63,833
67,910
86,527
57,283
43,875
34,612
84,198
67,701
43,7
94,336
46,237
67,439
87,113
95,709
21,257
94,708
87,732
33,638
71,167
35,615
4,126
32,782
86,5
60,649
4,538
54,558
99,351
88,177
17,469
51,985
85,598
11,802
5,236
77,223
32,814
27,694
19,902
45,730
78,28
78,184
93,223
2,721
96,609
27,79
97,849
75,40
81,892
86,126
42,740
54,910
83,267
41,584
46,354
35,122
53,847
37,270
81,28
86,594
28,601
71,394
7,23
14,503
63,313
24,235
69,188
14,336
82,240
84,488
20,362
34,244
33,475
34,243
34,8
43,380
72,823
13,813
99,162
62,999
24,41
18,701
0,72
15,573
85,693
90,26
78,952
95,508
48,861
71,454
71,609
85,313
49,997
91,289
53,892
26,401
51,939
89,640
18,750
38,363
76,189
88,407
74,625
83,953
93,251
88,629
10,373
2,431
89,694
82,210
88,265
58,583
10,688
23,883
44,124
2,980
37,208
25,413
34,690
18,328
53,650
34,775
4,721
93,244
53,285
97,115
29,632
40,653
57,443
25,490
59,785
51,854
37,802
52,88
91,124
37,577
96,749
96,908
24,368
26,539
82,808
1,124
51,124
90,673
17,469
68,716
54,145
72,650
42,284
46,78
38,316
27,61
12,193
82,215
5,368
13,887
3,527
47,202
54,315
33,411
61,794
22,271
52,35
49,484
82,93
23,640
33,259
43,424
62,665
98,734
82,844
8,585
90,706
18,124
85,814
54,771
70,919
97,317
32,87
27,815
40,570
96,90
27,196
63,517
99,13
33,710
67,964
35,405
38,390
74,802
93,172
54,715
0,942
62,413
35,2
70,351
41,683
2,344
1,275
54,623
50,30
8,576
45,272
74,413
35,414
59,482
30,649
13,124
57,420
28,258
16,203
71,884
69,869
68,71
70,759
39,975
51,205
39,707
48,674
13,978
30,606
58,539
51,483
97,536
37,867
6,337
50,485
67,198
64,702
55,589
32,425
68,178
45,261
73,356
75,309
42,957
93,958
85,10
37,709
92,547
43,11
34,386
27,847
9,964
63,915
30,268
45,557
49,747
12,741
15,508
77,61
68,649
92,744
99,971
33,169
71,73
9,598
96,94
46,483
34,636
36,350
38,80
97,960
91,554
43,42
7,733
11,52
75,406
34,687
65,109
90,230
29,491
86,764
36,690
85,424
32,653
98,980
82,45
26,741
9,231
99,424
83,415
85,581
70,675
18,240
61,135
52,734
32,332
22,592
61,171
90,623
20,497
77,458
61,842
35,791
10,968
38,718
33,497
87,216
13,351
58,916
39,172
16,175
62,934
67,693
82,56
31,8
9,40
7,171
60,102
51,703
99,105
31,144
35,251
16,349
90,362
86,590
63,836
95,103
50,79
39,687
11,981
3,489
50,63
2,590
61,792
81,773
61,766
20,587
81,156
29,12
18,843
39,49
13,502
6,531
69,115
40,999
35,68
96,7
75,227
89,464
37,342
7,946
42,279
85,314
73,289
21,91
8,730
59,983
87,126
69,327
67,117
4,185
48,845
13,49
85,554
91,759
50,666
95,597
26,459
55,998
31,220
31,858
30,116
2,277
72,7
65,412
66,102
58,11
80,270
9,303
81,905
80,814
57,464
22,7
48,49
21,403
63,509
4,929
69,965
54,302
90,2
70,315
86,634
79,269
89,0
3,229
21,807
56,32
92,839
78,155
12,90
85,201
16,445
5,604
42,187
51,168
70,928
9,196
54,965
47,517
31,823
99,838
30,492
63,546
80,849
15,258
62,216
7,96
89,929
63,445
78,457
70,14
26,526
5,991
12,156
73,141
90,949
92,15
26,898
46,757
62,321
98,639
65,526
7,374
45,408
87,223
11,422
54,23
50,852
48,177
6,305
68,156
88,352
71,745
25,547
74,776
92,249
29,747
82,750
25,570
45,874
86,738
52,567
37,349
