98,975
25,505
64,7
40,108
10,987
14,850
56,142
40,456
49,847
43,813
3,188
66,479
40,784
82,993
43,531
31,621
46,642
96,535
46,987
36,438
94,98
80,662
96,611
46,405
43,588
52,226
5,115
14,593
59,410
93,425
12,223
92,808
56,56
80,140
6,670
64,663
73,445
74,898
1,653
97,905
63,625
22,155
78,475
1,66
90,8
73,552
19,188
62,442
76,752
83,936
81,759
73,718
40,832
41,419
44,94
95,567
93,701
90,622
70,812
22,985
45,953
32,929
1,93
28,514
66,678
24,141
18,316
45,49
42,952
71,906
3,234
22,795
54,674
14,272
21,654
19,403
62,471
12,304
24,857
30,17
33,523
69,850
81,175
7,264
33,893
12,841
51,997
93,683
35,906
74,748
91,744
76,937
59,43
11,615
0,319
4,110
42,568
49,7
51,801
81,477
18,546
98,927
72,790
86,827
39,253
10,766
68,708
80,824
68,349
59,909
6,535
90,527
64,434
20,95
62,989
45,557
5,651
49,918
37,1
8,893
61,359
87,953
12,989
93,481
80,708
53,93
47,108
31,977
30,237
53,291
10,182
36,426
14,464
25,902
0,283
14,470
25,330
76,689
93,264
29,409
79,214
73,999
15,182
81,150
26,971
97,732
42,108
29,82
20,408
43,303
15,263
99,133
77,232
98,313
67,610
22,969
76,776
20,960
72,816
95,710
64,170
6,851
91,85
6,317
40,475
32,199
71,991
81,986
31,354
3,949
79,333
21,751
76,3
8,106
63,992
22,991
37,186
96,292
31,125
59,988
41,19
24,133
43,665
6,174
10,38
29,813
68,183
92,225
42,924
28,733
68,195
19,900
60,833
54,455
22,837
16,465
26,696
7,274
45,591
93,226
15,79
55,618
92,845
97,981
41,508
50,734
2,986
38,786
15,911
40,983
3,362
49,241
25,956
39,969
7,775
64,433
63,611
31,944
12,36
24,561
60,687
10,76
2,321
68,147
63,271
42,514
60,828
7,542
93,70
74,237
94,934
77,519
27,826
72,488
97,123
79,853
31,912
45,614
98,412
99,87
98,726
35,616
65,95
26,93
9,404
50,192
40,733
72,160
33,300
67,18
83,844
59,570
1,532
0,843
39,855
58,386
71,434
7,121
24,369
60,427
79,176
66,799
36,854
56,754
36,410
7,88
64,817
0,170
21,2
28,320
74,771
21,923
35,932
88,535
40,367
93,704
75,177
46,935
90,117
97,939
98,276
36,465
3,32
50,859
19,958
4,122
28,141
13,154
70,421
57,950
43,757
68,301
51,181
46,930
65,774
27,827
79,193
46,952
5,144
63,610
34,927
86,216
69,526
23,949
90,779
56,699
60,149
71,792
21,411
38,324
63,534
79,414
38,516
76,862
27,117
87,23
81,971
1,406
92,59
6,137
88,223
18,780
36,299
13,410
49,617
97,954
46,950
91,498
82,579
31,988
65,112
15,295
72,634
80,26
24,489
26,929
43,246
96,617
42,807
56,107
47,566
47,704
10,241
45,965
54,789
77,576
10,910
52,304
53,264
79,838
32,188
58,343
94,397
30,290
0,757
66,391
4,271
58,245
2,272
53,704
78,86
4,74
36,752
17,599
98,340
88,614
86,976
94,572
38,502
98,72
42,537
80,920
45,754
60,780
34,752
65,194
41,792
21,644
62,669
47,125
41,396
72,140
5,365
54,211
43,657
83,11
13,767
8,541
85,34
62,529
97,673
57,427
87,197
17,700
75,650
57,116
58,806
69,311
67,284
6,67
49,455
60,579
88,467
15,626
48,580
84,639
52,331
11,386
3,101
50,677
62,589
48,460
31,532
42,404
46,131
66,741
87,981
12,146
90,875
57,461
82,806
49,781
41,264
6,493
42,742
39,216
18,517
24,265
93,427
35,637
95,498
17,81
51,424
89,777
28,47
86,914
49,74
80,479
27,168
23,758
27,688
94,765
44,469
95,917
71,642
14,366
73,742
15,592
29,19
61,125
1,885
75,602
11,875
63,446
67,829
70,355
78,96
44,75
73,327
41,976
96,873
78,863
77,286
16,555
49,774
82,908
73,338
62,821
62,67
47,684
91,201
65,974
89,119
95,296
32,682
55,297
59,587
33,518
41,679
63,911
70,399
96,197
96,328
59,240
62,664
47,375
70,980
91,391
36,551
92,44
63,399
39,548
96,891
92,485
20,655
51,348
86,12
58,212
90,359
72,680
69,702
87,211
83,304
70,340
89,116
88,623
78,972
22,415
52,497
85,973
80,604
55,773
40,458
59,467
35,835
80,925
34,969
99,538
24,911
41,703
72,12
32,364
95,322
88,5
99,59
7,778
38,69
42,942
99,342
33,827
77,877
39,336
66,611
19,692
66,506
94,573
27,705
24,58
33,430
96,749
77,589
3,43
39,53
42,187
90,366
24,227
17,745
31,521
73,348
94,785
82,982
31,465
36,294
88,137
20,298
55,62
58,35
74,11
43,323
19,279
67,205
94,223
33,590
97,340
18,837
20,477
30,429
14,987
86,265
44,688
59,298
9,651
4,147
93,671
86,912
65,742
42,22
61,857
16,578
44,120
16,150
13,630
82,161
31,970
38,923
42,762
5,343
52,259
36,234
67,154
99,692
15,946
22,345
72,534
78,870
5,941
44,113
59,766
45,726
94,14
50,683
32,691
99,979
20,678
80,493
67,55
25,499
32,167
83,69
20,797
7,192
73,579
69,551
60,341
11,646
49,274
69,203
21,593
58,177
93,524
70,663
41,252
25,632
88,114
23,852
92,50
19,653
31,127
85,305
66,390
13,566
19,307
26,681
31,361
57,493
81,857
53,179
61,779
40,991
76,261
77,644
3,598
21,564
42,956
60,750
10,40
97,160
13,76
84,401
6,672
96,379
97,875
86,694
85,763
1,427
87,842
27,782
6,892
82,847
77,50
43,607
39,182
12,732
87,884
49,889
26,314
7,295
6,507
74,908
6,326
40,72
39,166
40,848
84,588
78,255
12,62
47,850
83,451
80,63
74,558
72,314
57,13
0,776
20,566
65,355
65,181
60,527
96,386
57,535
18,867
27,303
63,886
40,179
20,959
31,698
30,499
71,649
6,389
21,194
26,49
52,594
46,917
67,404
44,464
84,811
62,23
93,703
99,131
0,289
55,38
48,153
82,357
69,404
81,239
57,932
72,966
95,935
51,440
16,683
70,318
91,151
56,497
56,658
90,792
26,933
88,792
57,159
55,598
88,403
84,228
67,71
11,317
83,570
56,44
98,774
70,796
26,54
78,748
14,589
18,720
25,456
85,857
98,882
45,445
52,688
29,181
28,845
6,685
16,244
29,451
76,171
53,342
52,784
26,253
28,110
77,735
14,293
61,703
68,445
62,198
44,894
0,725
28,173
28,431
26,756
1,281
85,526
40,607
95,162
75,697
63,384
37,48
95,772
47,231
22,0
47,94
27,545
98,860
81,628
52,869
87,931
71,743
53,359
98,678
14,59
24,593
6,168
53,407
50,885
50,861
55,364
43,599
47,234
76,613
8,503
85,501
49,520
97,755
86,22
70,187
67,867
54,249
71,936
88,610
19,415
77,328
45,795
12,265
44,563
76,296
97,836
30,771
33,456
22,68
76,627
6,881
92,435
62,820
46,976
99,367
91,989
25,687
9,911
17,520
11,993
91,635
89,350
79,919
50,842
38,301
99,518
42,337
53,867
22,552
2,865
94,584
61,552
84,435
68,46
6,959
93,143
78,75
59,590
44,650
96,110
77,641
84,672
7,52
18,608
55,195
31,499
69,529
48,227
14,548
39,958
71,770
94,872
91,461
41,724
44,395
76,312
18,955
7,888
30,741
21,366
45,110
43,568
21,768
42,54
89,940
45,356
13,580
76,923
50,78
79,915
6,100
98,236
89,657
29,397
0,523
0,133
31,127
2,698
6,230
89,800
49,406
50,930
15,267
58,626
82,657
37,779
87,111
1,979
0,901
83,45
25,140
99,696
13,278
80,248
44,135
82,689
6,399
21,442
88,396
87,84
19,336
73,954
63,902
97,690
43,512
31,546
6,651
54,380
80,508
99,111
4,568
70,914
80,550
20,363
75,461
47,425
40,417
0,965
86,678
94,680
56,491
72,249
87,965
35,304
7,689
10,696
9,61
91,872
60,780
1,478
50,23
48,451
48,147
85,371
52,686
71,600
29,126
11,628
73,193
78,117
31,559
34,602
3,513
87,944
52,812
20,233
2,781
41,872
34,766
92,320
91,346
27,696
84,599
65,177
55,526
67,373
46,118
20,574
73,21
6,153
36,245
31,519
61,275
99,523
35,357
97,527
1,470
38,510
8,715
94,568
87,241
65,215
71,939
84,409
44,64
17,514
89,984
65,497
65,575
60,83
81,267
84,779
14,255
47,287
56,401
1,887
94,317
92,567
91,721
97,921
19,691
48,391
17,879
41,448
47,430
20,962
45,863
51,625
10,867
84,816
57,236
78,913
61,322
5,977
61,222
59,494
59,258
25,314
64,616
58,940
65,413
10,177
47,610
4,416
33,177
60,400
79,899
75,266
66,337
60,867
98,865
70,218
19,921
4,555
91,348
38,554
26,85
48,824
28,37
60,779
53,609
8,821
98,416
26,692
65,146
66,121
91,464
97,836
63,561
22,321
48,79
1,953
24,235
98,889
22,296
66,437
56,435
10,939
54,660
76,262
26,913
45,68
55,657
59,313
74,476
44,203
82,486
88,387
51,812
86,503
78,445
79,140
41,607
26,165
80,210
72,396
80,983
59,247
74,26
15,931
62,205
2,57
68,90
77,181
49,439
45,331
56,39
13,946
55,534
22,30
16,818
41,797
27,293
21,236
66,971
25,512
27,239
90,651
3,295
73,159
24,476
8,114
85,259
48,531
64,151
66,565
36,864
47,454
25,928
66,91
68,101
96,405
15,675
94,441
87,589
58,304
25,455
54,397
88,984
60,947
43,183
66,687
26,424
20,316
43,574
37,739
51,26
58,731
95,735
47,279
40,620
59,738
58,854
30,642
58,638
97,934
30,249
6,194
23,518
27,629
13,730
70,296
71,738
95,47
48,726
36,352
67,713
37,187
34,76
81,775
28,135
51,634
61,386
35,864
88,736
97,966
46,811
95,145
20,463
66,472
88,209
0,682
9,32
81,735
74,130
22,90
61,150
13,705
65,376
88,677
76,118
81,678
7,375
59,467
81,25
49,646
42,824
85,108
53,198
52,895
75,337
62,895
67,677
2,893
79,364
67,994
71,845
86,571
53,750
96,770
79,754
34,661
56,169
25,982
49,52
17,278
5,102
14,745
86,190
88,66
75,507
82,338
77,365
83,478
53,18
25,517
23,206
68,535
72,916
99,984
76,771
49,773
60,996
57,469
56,796
54,124
31,847
80,630
59,249
1,542
55,115
27,864
12,527
54,426
53,75
0,51
55,337
60,789
95,411
28,602
47,847
27,105
45,519
21,147
89,646
47,793
77,981
86,418
93,264
19,307
75,992
91,324
52,682
18,226
58,308
25,205
93,795
52,81
5,597
33,200
64,738
64,664
32,250
35,519
25,327
1,823
34,931
59,247
61,469
19,843
85,480
72,12
63,883
71,173
96,29
73,263
60,168
19,510
3,313
40,920
71,835
59,104
68,356
45,260
67,779
97,768
18,456
4,639
78,488
10,570
90,295
60,546
87,59
35,638
32,840
31,802
58,794
4,315
91,402
42,209
79,456
32,803
32,830
14,563
97,791
25,901
91,635
96,900
0,27
39,489
49,686
90,445
32,737
11,305
7,510
81,266
0,777
24,547
6,111
59,484
6,409
76,848
5,356
24,853
17,830
47,341
50,742
12,501
20,571
44,576
97,388
0,839
87,475
36,969
90,213
81,139
75,108
79,24
62,743
25,453
89,507
50,661
33,212
49,118
30,77
89,93
93,485
91,153
52,471
45,384
45,752
64,932
46,967
64,632
9,986
76,407
37,75
59,253
52,218
32,129
32,493
60,510
48,514
62,889
19,862
98,12
87,229
28,718
29,965
14,456
32,421
61,270
86,950
20,64
21,787
52,707
32,6
0,7
53,797
99,442
41,164
19,916
61,642
51,13
54,938
65,108
69,772
82,185
83,541
49,547
62,157
98,594
95,576
83,103
34,797
34,970
6,956
1,146
33,54
39,492
60,970
18,918
75,886
45,889
89,437
86,195
35,980
61,916
69,184
83,512
19,969
88,624
43,303
83,827
4,468
44,601
32,549
66,499
46,909
29,879
93,552
12,891
5,47
31,954
26,748
3,313
62,375
58,65
66,632
48,890
82,528
56,526
13,562
41,293
79,17
43,873
79,479
9,224
41,592
35,198
34,759
1,753
58,743
7,800
76,933
90,253
54,597
64,973
50,82
37,489
8,161
64,480
86,541
23,640
50,963
0,381
96,272
16,216
17,105
60,228
86,197
59,232
63,254
35,62
88,629
96,280
39,55
8,372
81,504
71,965
21,236
83,607
60,517
20,843
59,359
51,423
24,897
11,240
30,350
33,500
91,765
45,93
63,850
76,946
13,845
79,11
15,440
2,938
23,864
17,714
79,937
29,361
35,190
40,467
46,842
12,40
70,543
11,44
72,342
84,961
60,811
62,618
2,125
62,392
25,418
40,966
13,721
4,626
15,198
83,401
97,939
52,666
38,559
31,996
67,581
70,954
17,975
47,266
94,122
59,34
5,593
69,200
14,432
57,92
55,931
3,85
22,273
65,298
57,570
21,480
50,604
71,180
21,651
92,617
84,34
5,695
90,914
13,990
62,350
59,967
89,679
68,386
41,145
39,817
52,596
62,339
7,738
41,229
17,628
34,482
25,654
68,594
18,192
43,162
10,72
79,759
75,621
55,970
60,36
71,974
27,301
76,143
6,809
18,974
46,622
21,799
29,714
27,875
17,328
82,189
40,6
14,634
88,890
36,647
70,483
68,905
33,229
55,801
75,154
41,693
72,465
13,664
14,391
48,894
70,256
66,210
10,9
59,325
80,860
82,838
14,736
56,23
98,648
45,317
43,522
34,512
23,861
37,748
95,293
73,724
83,458
12,565
25,343
80,318
80,497
0,361
68,840
73,371
22,14
47,266
47,510
23,896
93,309
48,959
67,692
14,624
30,759
26,960
60,675
7,643
23,381
10,132
50,882
19,345
96,476
92,796
85,985
46,286
91,511
67,955
80,663
29,524
83,933
72,604
53,68
50,136
97,380
30,898
85,51
77,411
11,680
79,745
35,248
60,167
59,764
36,690
16,383
13,906
56,861
52,116
96,618
51,235
29,154
92,329
44,565
96,543
5,591
47,714
84,264
81,123
60,24
77,34
77,40
63,970
33,28
3,35
96,624
68,11
23,234
31,447
27,47
67,464
59,329
12,934
74,386
11,702
84,981
42,775
30,623
67,75
35,848
70,201
27,586
48,580
85,292
11,112
89,70
93,386
40,303
19,365
24,936
65,937
47,799
55,138
26,13
41,884
46,83
97,50
75,857
44,3
16,306
4,543
65,103
39,140
70,443
13,103
91,886
78,701
40,871
90,120
62,314
34,767
20,915
89,742
87,488
34,49
82,94
26,580
8,448
99,26
67,808
43,950
30,668
36,329
62,143
25,961
41,808
7,690
40,597
86,849
69,502
41,912
14,572
25,796
60,976
53,213
97,18
61,117
73,298
86,377
27,126
97,314
18,48
78,140
7,858
42,729
48,117
61,463
79,868
90,162
48,529
54,759
37,990
79,748
99,716
5,824
9,346
17,374
18,37
14,659
21,193
11,526
78,228
50,713
41,518
97,828
25,315
6,271
31,531
7,437
12,52
81,615
24,582
89,700
82,869
81,524
75,858
73,6
41,908
79,517
85,309
82,436
67,142
56,538
2,821
13,943
55,600
56,563
92,208
47,211
77,409
44,849
93,872
78,326
87,67
53,531
96,855
64,148
90,970
65,224
51,181
63,125
26,645
1,169
88,642
53,201
2,617
27,125
21,419
30,678
3,651
55,653
2,688
47,418
58,719
44,434
76,947
82,315
80,370
94,510
8,227
12,77
60,757
22,834
12,389
9,261
41,520
8,287
20,105
42,178
47,799
15,676
57,983
59,642
80,750
60,475
99,4
80,370
81,111
90,353
38,365
63,133
88,634
1,710
72,751
89,530
76,136
77,648
45,657
74,145
94,644
25,897
39,563
87,722
67,170
27,113
33,933
72,415
64,805
58,387
86,753
30,218
60,777
77,828
74,373
77,375
31,50
34,711
64,974
84,430
54,962
97,366
4,150
26,409
95,714
70,670
61,966
38,589
84,628
86,797
86,546
46,425
96,241
81,381
22,633
2,616
72,170
88,220
8,837
65,67
67,854
77,229
11,815
89,607
95,628
32,767
78,48
33,479
85,47
88,827
92,483
50,296
73,621
94,197
11,986
59,226
38,81
54,194
85,395
84,973
50,317
98,142
24,911
31,735
61,248
31,741
22,974
61,815
0,365
77,527
35,637
54,824
91,580
23,882
15,931
3,932
18,304
91,541
31,884
70,149
33,972
95,667
67,188
34,814
5,990
86,952
41,405
68,322
70,371
39,147
47,774
69,401
0,109
90,885
95,966
18,743
56,567
10,961
35,110
10,252
1,672
88,401
57,48
94,250
13,973
44,935
76,725
35,21
5,695
2,69
89,472
72,293
89,456
25,717
43,592
3,196
70,250
72,578
30,604
86,100
66,633
80,916
16,569
97,37
24,473
81,453
85,486
39,298
20,709
36,830
54,594
99,469
45,165
24,943
4,232
92,283
11,26
46,273
11,303
95,920
82,185
88,148
2,866
19,567
89,631
91,221
0,783
82,596
55,853
37,28
61,892
67,125
74,121
48,884
37,818
80,642
62,902
94,605
91,272
71,90
75,688
97,760
61,830
28,714
6,754
15,85
75,417
30,35
